desc: I1 cache:         32768 B, 64 B, 8-way associative
desc: D1 cache:         32768 B, 64 B, 8-way associative
desc: LL cache:         4194304 B, 64 B, 16-way associative
cmd: ./build/benchmark_sparse
events: Ir I1mr ILmr Dr D1mr DLmr Dw D1mw DLmw 
fl=/build/eglibc-3GlaMS/eglibc-2.19/csu/../csu/init-first.c
fn=_init
52 8 1 1 0 0 0 4 0 0
58 4 1 1 1 1 0 1 1 1
65 5 1 1 4 0 0 0 0 0
70 1 0 0 0 0 0 1 1 1
71 1 0 0 0 0 0 1 0 0
72 2 0 0 1 1 0 1 1 1
86 4 0 0 0 0 0 1 0 0
94 1 0 0 0 0 0 1 0 0
99 6 0 0 5 0 0 0 0 0
fl=/build/eglibc-3GlaMS/eglibc-2.19/csu/../sysdeps/generic/dl-hash.h
fn=_init
43 1 0 0 0 0 0 0 0 0
44 1 0 0 0 0 0 0 0 0
45 13 0 0 4 0 0 0 0 0
48 12 0 0 0 0 0 0 0 0
49 8 0 0 0 0 0 0 0 0
62 8 0 0 0 0 0 0 0 0
67 1 1 1 0 0 0 0 0 0
fl=/build/eglibc-3GlaMS/eglibc-2.19/csu/../sysdeps/unix/sysv/linux/x86_64/init-first.c
fn=_init
38 7 1 1 0 0 0 4 0 0
40 4 0 0 0 0 0 1 0 0
41 2 0 0 0 0 0 0 0 0
42 2 1 1 0 0 0 0 0 0
43 2 1 1 1 0 0 0 0 0
44 1 0 0 0 0 0 1 1 0
46 3 0 0 0 0 0 1 0 0
50 3 0 0 0 0 0 0 0 0
51 2 0 0 1 0 0 0 0 0
52 1 0 0 0 0 0 1 0 0
fl=/build/eglibc-3GlaMS/eglibc-2.19/csu/../sysdeps/x86_64/multiarch/init-arch.c
fn=__init_cpu_features
31 7 1 1 0 0 0 4 0 0
37 3 0 0 0 0 0 0 0 0
38 3 0 0 0 0 0 0 0 0
39 2 0 0 0 0 0 0 0 0
45 1 0 0 0 0 0 1 0 0
54 3 1 1 0 0 0 1 0 0
57 6 0 0 0 0 0 0 0 0
59 3 0 0 0 0 0 0 0 0
65 3 0 0 0 0 0 0 0 0
66 2 1 1 0 0 0 0 0 0
71 2 0 0 0 0 0 0 0 0
74 12 1 1 0 0 0 0 0 0
101 2 1 1 0 0 0 0 0 0
123 1 0 0 1 1 1 0 0 0
127 1 1 1 0 0 0 0 0 0
152 2 1 1 1 0 0 0 0 0
153 7 0 0 0 0 0 4 0 0
160 3 0 0 1 0 0 0 0 0
164 2 0 0 0 0 0 0 0 0
166 3 1 1 0 0 0 0 0 0
170 2 1 1 0 0 0 0 0 0
171 1 0 0 1 0 0 0 0 0
173 2 0 0 0 0 0 0 0 0
176 2 0 0 1 0 0 0 0 0
184 6 1 1 0 0 0 0 0 0
185 5 0 0 0 0 0 0 0 0
186 2 0 0 0 0 0 0 0 0
189 1 0 0 0 0 0 1 0 0
190 1 0 0 0 0 0 1 0 0
192 1 0 0 0 0 0 1 0 0
193 2 0 0 2 0 0 0 0 0
fl=/build/eglibc-3GlaMS/eglibc-2.19/csu/libc-start.c
fn=(below main)
133 10 1 1 0 0 0 8 0 0
137 7 2 2 1 0 0 1 0 0
219 2 0 0 0 0 0 0 0 0
220 4 0 0 0 0 0 1 0 0
242 6 0 0 2 0 0 0 0 0
245 2 0 0 0 0 0 0 0 0
246 5 1 1 4 0 0 1 0 0
250 4 0 0 2 0 0 0 0 0
265 2 0 0 0 0 0 0 0 0
274 2 0 0 0 0 0 1 0 0
275 2 1 1 0 0 0 0 0 0
280 2 0 0 1 1 0 1 0 0
281 2 0 0 1 1 0 1 0 0
284 2 0 0 0 0 0 1 0 0
287 6 0 0 5 0 0 1 0 0
321 2 1 1 0 0 0 1 0 0
fl=/build/eglibc-3GlaMS/eglibc-2.19/ctype/ctype-info.c
fn=__ctype_init
31 7 1 1 5 3 0 1 0 0
33 4 0 0 2 1 0 1 0 0
35 5 1 1 3 0 0 1 0 0
fl=/build/eglibc-3GlaMS/eglibc-2.19/debug/../libio/libioP.h
fn=__fprintf_chk
913 2 0 0 0 0 0 1 0 0
914 2 1 1 1 0 0 0 0 0
915 8 0 0 4 0 0 1 0 0
fl=/build/eglibc-3GlaMS/eglibc-2.19/debug/fprintf_chk.c
fn=__fprintf_chk
26 19 3 3 0 0 0 13 0 0
30 16 1 1 9 4 4 1 0 0
31 2 0 0 0 0 0 0 0 0
32 1 0 0 1 1 1 0 0 0
34 6 0 0 0 0 0 4 0 0
35 5 1 1 0 0 0 1 0 0
38 2 0 0 0 0 0 0 0 0
39 3 0 0 1 0 0 1 0 0
43 5 0 0 3 0 0 0 0 0
fl=/build/eglibc-3GlaMS/eglibc-2.19/elf/../elf/dl-runtime.c
fn=_dl_fixup
66 60 1 1 0 0 0 36 0 0
68 12 0 0 12 0 0 0 0 0
69 24 0 0 24 8 0 0 0 0
72 60 1 1 24 13 3 0 0 0
73 84 0 0 24 12 5 12 1 0
74 36 0 0 24 4 0 0 0 0
79 24 0 0 0 0 0 0 0 0
83 24 1 1 12 9 6 0 0 0
85 2 1 1 0 0 0 0 0 0
87 36 0 0 12 7 2 0 0 0
91 22 0 0 22 12 3 0 0 0
92 44 0 0 11 4 0 0 0 0
94 44 0 0 11 5 2 0 0 0
100 12 0 0 0 0 0 0 0 0
101 36 1 1 12 2 0 0 0 0
108 24 0 0 12 5 0 12 0 0
111 120 1 1 24 7 3 36 0 0
115 36 0 0 12 0 0 0 0 0
119 48 0 0 12 0 0 12 0 0
125 72 1 1 24 0 0 0 0 0
133 12 0 0 12 0 0 0 0 0
141 48 0 0 12 0 0 0 0 0
145 36 0 0 12 2 0 0 0 0
149 60 0 0 48 0 0 0 0 0
fl=/build/eglibc-3GlaMS/eglibc-2.19/elf/../elf/dl-sysdep.c
fn=_dl_sysdep_start
86 8 1 1 0 0 0 7 1 1
87 2 0 0 0 0 0 0 0 0
88 1 0 0 0 0 0 0 0 0
110 1 0 0 0 0 0 1 0 0
111 204 1 1 66 9 9 4 3 3
114 2 0 0 0 0 0 1 0 0
115 1 0 0 0 0 0 1 1 1
117 90 4 4 23 5 5 10 0 0
118 111 0 0 21 3 3 0 0 0
121 1 0 0 1 0 0 0 0 0
122 1 0 0 0 0 0 0 0 0
124 1 0 0 1 0 0 0 0 0
125 1 0 0 0 0 0 0 0 0
127 1 1 1 1 0 0 0 0 0
128 1 0 0 0 0 0 0 0 0
130 1 0 0 1 0 0 0 0 0
131 1 0 0 0 0 0 0 0 0
151 1 1 1 1 0 0 0 0 0
152 1 0 0 0 0 0 0 0 0
154 1 0 0 1 0 0 0 0 0
155 1 0 0 0 0 0 0 0 0
157 1 1 1 1 0 0 0 0 0
158 1 0 0 0 0 0 0 0 0
163 1 0 0 1 0 0 0 0 0
164 1 0 0 0 0 0 0 0 0
179 1 0 0 1 0 0 0 0 0
180 1 0 0 0 0 0 0 0 0
232 3 1 1 0 0 0 2 0 0
234 5 0 0 0 0 0 1 0 0
246 3 1 1 1 0 0 0 0 0
249 6 0 0 2 0 0 1 0 0
250 1 0 0 1 1 0 0 0 0
251 8 0 0 7 1 0 0 0 0
fn=_dl_sysdep_start_cleanup
256 1 1 1 1 0 0 0 0 0
fl=/build/eglibc-3GlaMS/eglibc-2.19/elf/../misc/sbrk.c
fn=sbrk
34 4 1 1 0 0 0 2 0 0
42 6 0 0 2 0 0 0 0 0
46 2 1 1 0 0 0 0 0 0
57 5 0 0 3 0 0 0 0 0
fl=/build/eglibc-3GlaMS/eglibc-2.19/elf/../sysdeps/unix/sysv/linux/dl-osinfo.h
fn=security_init
61 2 0 0 0 0 0 0 0 0
84 2 1 1 1 0 0 1 0 0
86 1 1 1 1 0 0 0 0 0
93 1 0 0 1 0 0 0 0 0
101 2 0 0 0 0 0 0 0 0
112 1 0 0 1 0 0 0 0 0
fl=/build/eglibc-3GlaMS/eglibc-2.19/elf/../sysdeps/unix/sysv/linux/dl-sysdep.c
fn=_dl_discover_osversion
45 7 1 1 0 0 0 6 0 0
47 3 0 0 1 0 0 0 0 0
87 5 1 1 0 0 0 1 1 1
102 1 0 0 0 0 0 0 0 0
106 1 0 0 0 0 0 0 0 0
107 1 0 0 0 0 0 0 0 0
109 12 1 1 3 1 1 0 0 0
111 6 0 0 0 0 0 0 0 0
113 12 0 0 3 0 0 0 0 0
119 3 0 0 0 0 0 0 0 0
120 3 0 0 0 0 0 0 0 0
121 3 0 0 0 0 0 0 0 0
123 13 1 1 0 0 0 0 0 0
128 2 0 0 0 0 0 0 0 0
132 8 0 0 7 0 0 0 0 0
fn=_dl_sysdep_start
35 2 0 0 0 0 0 1 1 1
fl=/build/eglibc-3GlaMS/eglibc-2.19/elf/../sysdeps/unix/sysv/linux/dl-vdso.c
fn=_dl_vdso_vsym
26 5 0 0 0 0 0 0 0 0
27 10 2 1 10 3 1 0 0 0
28 10 2 1 5 0 0 0 0 0
31 10 0 0 0 0 0 0 0 0
fl=/build/eglibc-3GlaMS/eglibc-2.19/elf/../sysdeps/unix/sysv/linux/x86_64/brk.c
fn=brk
28 1 0 0 0 0 0 0 0 0
31 7 1 1 0 0 0 1 1 1
33 2 0 0 0 0 0 0 0 0
39 1 0 0 0 0 0 0 0 0
40 1 0 0 1 0 0 0 0 0
fl=/build/eglibc-3GlaMS/eglibc-2.19/elf/../sysdeps/x86_64/dl-irel.h
fn=_dl_fixup
32 3 1 1 0 0 0 1 0 0
fl=/build/eglibc-3GlaMS/eglibc-2.19/elf/../sysdeps/x86_64/dl-machine.h
fn=_dl_fixup
210 12 0 0 0 0 0 12 0 0
fn=_dl_relocate_object
71 16 1 1 4 0 0 0 0 0
77 6 1 1 6 2 0 0 0 0
81 9 0 0 3 3 2 0 0 0
87 3 0 0 0 0 0 3 0 0
95 9 1 1 3 0 0 0 0 0
108 6 0 0 0 0 0 3 0 0
111 12 0 0 3 2 0 0 0 0
244 202 0 0 0 0 0 0 0 0
265 202 1 1 0 0 0 0 0 0
269 202 0 0 0 0 0 0 0 0
276 4043 10 10 802 84 73 710 3 0
278 460 0 0 190 0 0 0 0 0
281 380 1 1 95 0 0 0 0 0
287 707 0 0 101 3 3 0 0 0
320 2 0 0 0 0 0 0 0 0
321 3 1 1 1 0 0 1 0 0
382 30 1 1 10 0 0 0 0 0
386 50 0 0 10 1 0 0 0 0
391 50 1 1 20 1 1 10 8 8
410 267 1 1 89 10 9 89 10 6
422 18 1 1 0 0 0 6 0 0
449 3 0 0 1 0 0 0 0 0
453 6 1 1 3 0 0 1 0 0
455 3 0 0 2 0 0 0 0 0
456 1 0 0 0 0 0 0 0 0
487 3582 0 0 1194 298 298 0 0 0
492 2388 1 1 0 0 0 0 0 0
493 3582 0 0 1194 150 150 1194 227 225
503 47 0 0 26 0 0 0 0 0
507 42 0 0 0 0 0 0 0 0
509 63 0 0 21 0 0 0 0 0
510 21 0 0 21 3 2 0 0 0
527 10 0 0 10 0 0 0 0 0
529 5 0 0 0 0 0 5 0 0
530 5 0 0 0 0 0 5 0 0
fn=_dl_start
58 3 0 0 1 1 1 0 0 0
241 9 0 0 0 0 0 0 0 0
269 18 0 0 0 0 0 0 0 0
278 36 0 0 18 2 2 0 0 0
281 36 0 0 9 5 5 0 0 0
287 55 0 0 9 2 2 0 0 0
391 9 1 1 9 1 1 0 0 0
400 9 0 0 0 0 0 9 2 2
492 20 0 0 10 1 1 0 0 0
493 30 0 0 10 1 1 10 2 2
fn=_dl_sysdep_start
200 5 0 0 2 1 1 0 0 0
fl=/build/eglibc-3GlaMS/eglibc-2.19/elf/../sysdeps/x86_64/dl-trampoline.S
fn=_dl_runtime_resolve
34 12 1 1 0 0 0 0 0 0
36 12 0 0 0 0 0 12 1 0
37 12 0 0 0 0 0 12 0 0
38 12 0 0 0 0 0 12 0 0
39 12 0 0 0 0 0 12 0 0
40 12 0 0 0 0 0 12 0 0
41 12 1 1 0 0 0 12 0 0
42 12 0 0 0 0 0 12 0 0
43 12 0 0 12 0 0 0 0 0
44 12 0 0 12 0 0 0 0 0
45 12 0 0 0 0 0 12 0 0
46 12 0 0 0 0 0 0 0 0
47 12 0 0 12 0 0 0 0 0
48 12 0 0 12 0 0 0 0 0
49 12 0 0 12 0 0 0 0 0
50 12 0 0 12 0 0 0 0 0
51 12 0 0 12 0 0 0 0 0
52 12 0 0 12 0 0 0 0 0
53 12 0 0 12 0 0 0 0 0
54 12 0 0 0 0 0 0 0 0
56 12 1 1 0 0 0 0 0 0
fl=/build/eglibc-3GlaMS/eglibc-2.19/elf/dl-addr.c
fn=_dl_addr
30 2 0 0 1 0 0 1 0 0
31 2 0 0 1 0 0 1 0 0
34 2 0 0 1 0 0 0 0 0
38 1 0 0 1 0 0 0 0 0
39 1 0 0 1 0 0 0 0 0
40 3 1 1 2 0 0 1 0 0
42 2 0 0 2 0 0 0 0 0
45 2 0 0 1 1 0 0 0 0
50 2029 0 0 2 0 0 0 0 0
52 1011 1 1 1011 60 22 0 0 0
53 2022 0 0 0 0 0 0 0 0
55 4927 0 0 905 0 0 0 0 0
61 11060 0 0 2212 470 430 0 0 0
63 8848 1 1 2212 0 0 0 0 0
64 16231 0 0 5080 353 320 0 0 0
69 2212 0 0 0 0 0 0 0 0
71 7647 1 1 2212 132 82 0 0 0
99 3 0 0 1 1 0 0 0 0
100 1 0 0 0 0 0 1 1 0
101 3 1 1 1 0 0 0 0 0
104 2 0 0 0 0 0 0 0 0
116 1 1 1 0 0 0 1 0 0
117 1 0 0 0 0 0 1 0 0
126 11 1 1 0 0 0 8 0 0
131 3 1 1 2 1 0 1 0 0
133 2 0 0 0 0 0 1 0 0
135 2 0 0 0 0 0 0 0 0
138 2 1 1 0 0 0 0 0 0
141 3 0 0 2 2 0 1 0 0
144 9 1 1 7 1 0 0 0 0
fl=/build/eglibc-3GlaMS/eglibc-2.19/elf/dl-altinit.c
fn=dlinit_alt
33 3 0 0 2 0 0 0 0 0
34 1 0 0 1 0 0 0 0 0
fl=/build/eglibc-3GlaMS/eglibc-2.19/elf/dl-cache.c
fn=_dl_cache_libcmp
138 30 1 1 20 10 10 0 0 0
139 100 0 0 0 0 0 0 0 0
141 147 0 0 0 0 0 0 0 0
143 51 0 0 0 0 0 0 0 0
149 3 1 1 0 0 0 0 0 0
150 2 0 0 0 0 0 0 0 0
151 4 0 0 1 0 0 0 0 0
153 5 1 1 1 0 0 0 0 0
155 2 0 0 0 0 0 0 0 0
161 96 1 1 0 0 0 0 0 0
163 174 0 0 78 1 1 0 0 0
164 9 0 0 0 0 0 0 0 0
167 39 0 0 0 0 0 0 0 0
168 39 0 0 0 0 0 0 0 0
171 2 0 0 0 0 0 0 0 0
172 20 0 0 10 0 0 0 0 0
fn=_dl_load_cache_lookup
182 8 1 1 0 0 0 6 0 0
190 2 0 0 1 0 0 0 0 0
193 3 0 0 1 0 0 0 0 0
196 5 1 1 0 0 0 1 0 0
204 5 0 0 1 0 0 0 0 0
205 6 1 1 0 0 0 1 0 0
209 1 0 0 0 0 0 1 0 0
212 4 0 0 1 0 0 0 0 0
215 2 0 0 0 0 0 1 0 0
216 3 0 0 0 0 0 0 0 0
217 5 1 1 0 0 0 1 0 0
219 2 0 0 0 0 0 0 0 0
244 3 1 1 1 0 0 0 0 0
253 5 0 0 2 0 0 1 0 0
259 4 0 0 0 0 0 2 0 0
263 7 1 1 2 0 0 2 0 0
264 6 0 0 3 0 0 0 0 0
278 233 9 9 30 9 9 11 0 0
294 2 1 1 1 0 0 0 0 0
299 9 0 0 7 0 0 0 0 0
fn=_dl_unload_cache
308 1 0 0 0 0 0 0 0 0
309 4 1 1 1 1 0 0 0 0
311 2 0 0 1 1 0 1 0 0
312 1 0 0 0 0 0 1 0 0
314 2 0 0 1 0 0 0 0 0
fl=/build/eglibc-3GlaMS/eglibc-2.19/elf/dl-debug.c
fn=_dl_debug_initialize
50 8 1 1 0 0 0 0 0 0
51 4 1 1 4 0 0 0 0 0
55 14 0 0 4 1 0 0 0 0
58 1 0 0 0 0 0 1 0 0
59 2 0 0 0 0 0 1 0 0
60 6 0 0 2 0 0 1 0 0
61 2 0 0 0 0 0 1 0 0
fn=_dl_debug_state
74 2 1 1 2 0 0 0 0 0
fl=/build/eglibc-3GlaMS/eglibc-2.19/elf/dl-deps.c
fn=_dl_map_object_deps
147 11 2 2 0 0 0 9 0 0
148 9 0 0 0 0 0 1 0 0
160 6 0 0 0 0 0 2 0 0
161 2 0 0 0 0 0 2 0 0
162 10 0 0 0 0 0 3 0 0
164 1 0 0 0 0 0 0 0 0
168 8 1 1 2 0 0 2 0 0
178 8 1 1 1 0 0 0 0 0
179 1 0 0 1 0 0 0 0 0
182 3 1 1 0 0 0 2 0 0
188 1 0 0 0 0 0 1 0 0
189 1 0 0 0 0 0 1 0 0
201 2 0 0 1 0 0 1 0 0
202 1 0 0 0 0 0 0 0 0
203 1 0 0 0 0 0 1 0 0
204 2 0 0 0 0 0 2 0 0
209 4 0 0 0 0 0 0 0 0
210 4 1 1 0 0 0 0 0 0
213 4 0 0 0 0 0 4 0 0
217 16 1 1 8 0 0 0 0 0
218 17 1 1 7 0 0 0 0 0
220 2 0 0 0 0 0 0 0 0
222 6 0 0 4 0 0 0 0 0
224 26 1 1 2 0 0 4 0 0
229 16 1 1 8 0 0 0 0 0
231 6 0 0 4 0 0 2 0 0
236 2 0 0 0 0 0 2 0 0
237 2 0 0 0 0 0 2 0 0
238 4 0 0 2 0 0 2 0 0
239 4 0 0 2 0 0 2 0 0
242 206 0 0 54 0 0 2 0 0
243 96 0 0 0 0 0 0 0 0
249 14 1 1 4 0 0 2 0 0
251 2 0 0 0 0 0 2 0 0
254 12 1 1 8 0 0 2 0 0
256 6 0 0 2 0 0 0 0 0
271 2 0 0 2 0 0 0 0 0
273 4 0 0 2 0 0 0 0 0
278 6 0 0 0 0 0 0 0 0
281 2 0 0 0 0 0 2 0 0
282 2 1 1 0 0 0 2 0 0
283 2 0 0 0 0 0 2 0 0
284 4 0 0 2 0 0 2 0 0
286 8 0 0 2 0 0 2 0 0
288 10 0 0 2 0 0 4 0 0
292 4 0 0 0 0 0 0 0 0
293 3 0 0 0 0 0 1 0 0
295 138 1 1 0 0 0 0 0 0
343 9 1 1 0 0 0 4 0 0
471 8 1 1 0 0 0 0 0 0
473 6 0 0 0 0 0 2 0 0
475 4 0 0 0 0 0 2 0 0
476 4 0 0 0 0 0 0 0 0
477 4 1 1 0 0 0 0 0 0
480 2 0 0 0 0 0 2 0 0
481 12 0 0 0 0 0 2 0 0
482 10 0 0 0 0 0 2 0 0
485 2 0 0 0 0 0 2 0 0
486 2 0 0 2 0 0 0 0 0
490 16 1 1 8 0 0 0 0 0
492 4 0 0 4 0 0 0 0 0
493 17 0 0 3 0 0 0 0 0
497 6 1 1 2 0 0 0 0 0
498 2 0 0 1 0 0 1 0 0
501 5 0 0 2 0 0 1 0 0
511 2 0 0 0 0 0 1 0 0
512 3 1 1 1 0 0 0 0 0
514 2 0 0 0 0 0 0 0 0
519 7 1 1 2 0 0 1 0 0
520 4 0 0 1 0 0 1 0 0
522 23 0 0 9 0 0 1 0 0
528 12 1 1 4 0 0 4 1 1
532 8 0 0 8 0 0 0 0 0
535 2 0 0 1 0 0 0 0 0
586 6 1 1 3 0 0 1 0 0
587 1 0 0 0 0 0 1 0 0
588 3 0 0 1 0 0 0 0 0
623 7 1 1 1 0 0 2 0 0
625 3 0 0 0 0 0 0 0 0
629 16 0 0 6 0 0 3 0 0
630 8 1 1 0 0 0 2 0 0
631 3 1 1 1 0 0 1 0 0
635 3 0 0 3 0 0 0 0 0
636 6 0 0 3 0 0 0 0 0
642 17 1 1 3 0 0 0 0 0
644 12 0 0 6 0 0 0 0 0
645 8 0 0 0 0 0 0 0 0
647 9 0 0 3 0 0 0 0 0
648 6 0 0 0 0 0 0 0 0
658 2 1 1 2 0 0 0 0 0
670 3 1 1 0 0 0 0 0 0
673 9 0 0 3 0 0 0 0 0
676 35 0 0 9 0 0 9 0 0
683 2 1 1 1 0 0 1 0 0
685 2 0 0 1 0 0 1 0 0
686 1 0 0 1 0 0 0 0 0
687 3 0 0 1 0 0 0 0 0
694 3 0 0 1 0 0 0 0 0
697 2 0 0 0 0 0 0 0 0
700 8 0 0 7 0 0 0 0 0
fn=openaux
60 4 1 1 0 0 0 2 0 0
63 20 1 1 8 0 0 4 0 0
64 4 0 0 2 0 0 0 0 0
67 2 0 0 2 0 0 0 0 0
68 4 0 0 4 0 0 0 0 0
fl=/build/eglibc-3GlaMS/eglibc-2.19/elf/dl-environ.c
fn=_dl_next_ld_env_entry
30 3 1 1 3 0 0 0 0 0
31 1 0 0 0 0 0 0 0 0
33 197 0 0 65 0 0 0 0 0
35 128 0 0 64 30 30 0 0 0
36 22 1 1 10 1 1 0 0 0
38 2 0 0 0 0 0 0 0 0
41 4 0 0 0 0 0 2 0 0
43 2 0 0 2 0 0 0 0 0
46 62 0 0 0 0 0 0 0 0
50 1 0 0 1 0 0 0 0 0
fl=/build/eglibc-3GlaMS/eglibc-2.19/elf/dl-error.c
fn=_dl_catch_error
163 12 1 1 0 0 0 9 0 0
175 6 0 0 0 0 0 6 3 3
176 6 0 0 0 0 0 6 0 0
177 6 0 0 0 0 0 6 0 0
178 6 0 0 0 0 0 3 1 1
180 6 0 0 3 0 0 6 0 0
181 6 0 0 3 0 0 3 0 0
182 6 1 1 0 0 0 3 0 0
185 18 0 0 0 0 0 3 0 0
187 9 0 0 6 0 0 3 0 0
188 9 0 0 6 0 0 3 0 0
189 6 0 0 3 0 0 3 0 0
190 6 1 1 3 0 0 3 0 0
191 6 0 0 3 0 0 3 0 0
199 12 0 0 6 0 0 0 0 0
fn=_dl_receive_error
205 10 1 1 0 0 0 6 0 0
206 2 0 0 1 0 0 1 0 0
210 1 0 0 1 0 0 0 0 0
211 1 0 0 1 0 0 0 0 0
214 1 0 0 0 0 0 1 0 0
215 1 0 0 0 0 0 1 0 0
217 2 0 0 0 0 0 1 0 0
219 1 1 1 0 0 0 1 0 0
220 1 0 0 0 0 0 1 0 0
221 8 0 0 7 0 0 0 0 0
fl=/build/eglibc-3GlaMS/eglibc-2.19/elf/dl-fini.c
fn=_dl_fini
131 8 1 1 0 0 0 6 0 0
143 1 0 0 0 0 0 0 0 0
144 1 1 1 0 0 0 1 0 0
150 1 0 0 0 0 0 1 0 0
153 12 0 0 2 1 0 2 0 0
156 2 1 1 1 1 0 1 0 0
159 2 0 0 2 1 0 0 0 0
162 2 0 0 0 0 0 0 0 0
164 6 1 1 3 0 0 0 0 0
171 2 0 0 1 0 0 0 0 0
175 4 0 0 1 0 0 0 0 0
177 2 0 0 1 0 0 0 0 0
180 9 1 1 0 0 0 1 0 0
183 2 0 0 0 0 0 1 0 0
191 12 0 0 4 0 0 0 0 0
193 8 0 0 4 0 0 0 0 0
195 8 0 0 4 0 0 0 0 0
197 12 1 1 4 0 0 4 0 0
198 4 0 0 0 0 0 4 2 1
199 4 0 0 4 0 0 0 0 0
203 4 0 0 4 0 0 0 0 0
205 2 0 0 1 0 0 0 0 0
210 6 0 0 2 0 0 1 0 0
219 2 1 1 1 0 0 1 0 0
223 13 1 1 5 0 0 0 0 0
225 4 0 0 4 0 0 0 0 0
227 12 0 0 4 0 0 0 0 0
230 8 0 0 0 0 0 4 0 0
233 12 0 0 4 2 1 0 0 0
234 4 1 1 2 2 0 0 0 0
237 4 1 1 2 0 0 0 0 0
244 4 0 0 0 0 0 0 0 0
248 4 0 0 4 1 1 0 0 0
249 2 0 0 2 0 0 0 0 0
250 4 0 0 2 0 0 0 0 0
251 12 1 1 0 0 0 0 0 0
252 4 0 0 2 2 2 2 0 0
256 6 0 0 2 2 1 0 0 0
257 6 0 0 4 2 2 2 0 0
262 24 0 0 8 1 0 0 0 0
278 8 0 0 4 0 0 0 0 0
283 6 0 0 2 0 0 0 0 0
289 2 1 1 1 0 0 0 0 0
296 8 1 1 7 0 0 0 0 0
fn=_dl_sort_fini
32 13 1 1 0 0 0 10 0 0
34 2 0 0 0 0 0 0 0 0
39 4 0 0 0 0 0 1 0 0
40 6 1 1 0 0 0 1 0 0
41 3 0 0 1 0 0 1 0 0
45 9 0 0 3 0 0 3 0 0
46 9 0 0 3 0 0 0 0 0
50 15 0 0 6 0 0 0 0 0
56 14 1 1 4 0 0 1 0 0
57 14 0 0 0 0 0 0 0 0
59 12 1 1 6 1 1 0 0 0
60 8 0 0 0 0 0 0 0 0
62 9 0 0 3 1 1 0 0 0
63 6 0 0 0 0 0 0 0 0
93 9 1 1 3 0 0 0 0 0
114 3 0 0 0 0 0 0 0 0
118 16 0 0 3 0 0 0 0 0
121 27 1 1 11 0 0 6 0 0
125 8 0 0 7 0 0 0 0 0
fl=/build/eglibc-3GlaMS/eglibc-2.19/elf/dl-hwcaps.c
fn=_dl_important_hwcaps
39 12 1 1 0 0 0 10 2 2
41 1 0 0 1 0 0 0 0 0
42 4 0 0 0 0 0 1 0 0
51 3 1 1 1 0 0 0 0 0
61 4 1 1 1 0 0 1 0 0
92 2 1 1 0 0 0 0 0 0
113 1 1 1 0 0 0 0 0 0
115 5 0 0 0 0 0 1 0 0
130 6 0 0 0 0 0 0 0 0
131 2 0 0 0 0 0 0 0 0
133 2 0 0 0 0 0 0 0 0
145 2 1 1 0 0 0 0 0 0
162 2 1 1 0 0 0 0 0 0
170 2 1 1 1 0 0 0 0 0
172 4 0 0 1 0 0 1 0 0
173 4 1 1 1 0 0 1 0 0
177 3 0 0 0 0 0 1 0 0
178 1 0 0 0 0 0 1 0 0
181 2 0 0 0 0 0 0 0 0
184 2 0 0 0 0 0 0 0 0
188 12 1 1 2 0 0 3 0 0
189 2 0 0 0 0 0 0 0 0
207 12 2 2 1 0 0 6 0 0
208 5 0 0 0 0 0 1 0 0
209 4 0 0 2 0 0 0 0 0
238 3 0 0 0 0 0 2 0 0
241 2 0 0 0 0 0 0 0 0
243 5 2 2 2 0 0 2 0 0
244 7 0 0 2 0 0 4 0 0
269 19 2 2 3 0 0 0 0 0
270 8 0 0 0 0 0 4 0 0
274 12 0 0 0 0 0 0 0 0
277 28 0 0 0 0 0 0 0 0
278 24 1 1 0 0 0 0 0 0
279 12 0 0 8 0 0 0 0 0
281 4 0 0 0 0 0 0 0 0
284 3 0 0 1 0 0 0 0 0
285 1 0 0 0 0 0 0 0 0
286 12 2 2 3 0 0 0 0 0
299 6 0 0 2 0 0 2 0 0
300 2 0 0 0 0 0 0 0 0
302 4 0 0 0 0 0 0 0 0
305 3 0 0 2 0 0 1 0 0
307 1 0 0 0 0 0 0 0 0
308 8 0 0 7 0 0 0 0 0
fl=/build/eglibc-3GlaMS/eglibc-2.19/elf/dl-init.c
fn=_dl_init
36 26 2 2 5 0 0 4 0 0
86 11 2 2 0 0 0 6 0 0
87 1 0 0 1 1 0 0 0 0
88 1 0 0 1 0 0 0 0 0
91 3 0 0 1 0 0 0 0 0
94 2 0 0 0 0 0 1 0 0
98 4 0 0 1 0 0 0 0 0
125 15 0 0 0 0 0 0 0 0
126 12 0 0 8 0 0 0 0 0
132 8 0 0 7 0 0 0 0 0
fn=call_init.part.0
34 36 0 0 0 0 0 20 0 0
42 12 1 1 4 0 0 4 0 0
45 16 0 0 8 1 0 0 0 0
46 3 0 0 0 0 0 0 0 0
50 9 0 0 3 3 0 0 0 0
51 2 0 0 1 1 0 0 0 0
55 4 0 0 2 0 0 0 0 0
63 4 0 0 0 0 0 0 0 0
64 12 0 0 4 2 0 2 0 0
67 2 1 1 2 2 0 0 0 0
68 4 0 0 0 0 0 0 0 0
74 6 0 0 4 1 0 0 0 0
76 4 0 0 4 0 0 0 0 0
77 16 1 1 0 0 0 0 0 0
78 15 0 0 3 0 0 3 0 0
80 24 0 0 24 0 0 0 0 0
fl=/build/eglibc-3GlaMS/eglibc-2.19/elf/dl-load.c
fn=_dl_init_paths
714 9 1 1 0 0 0 6 0 0
727 6 1 1 2 0 0 2 0 0
731 1 0 0 0 0 0 1 0 0
732 3 0 0 0 0 0 1 0 0
733 2 0 0 0 0 0 0 0 0
740 5 1 1 0 0 0 0 0 0
741 5 0 0 1 0 0 2 0 0
744 1 0 0 0 0 0 1 0 0
745 2 0 0 0 0 0 1 0 0
747 3 0 0 1 0 0 0 0 0
753 1 0 0 0 0 0 1 0 0
754 1 0 0 0 0 0 1 0 0
762 13 0 0 0 0 0 3 1 1
764 8 1 1 0 0 0 4 0 0
765 7 1 1 0 0 0 4 3 3
767 8 0 0 0 0 0 4 0 0
768 14 0 0 3 1 1 4 1 1
769 33 0 0 4 0 0 13 0 0
772 9 1 1 3 1 1 0 0 0
776 27 1 1 15 0 0 5 0 0
782 1 1 1 0 0 0 1 1 1
783 1 0 0 0 0 0 1 0 0
787 1 1 1 1 0 0 0 0 0
788 2 0 0 0 0 0 0 0 0
790 4 0 0 1 0 0 0 0 0
792 3 0 0 1 0 0 0 0 0
809 1 0 0 0 0 0 1 0 0
811 3 1 1 1 0 0 0 0 0
825 2 1 1 0 0 0 1 0 0
830 4 2 2 1 0 0 0 0 0
838 5 0 0 0 0 0 1 0 0
840 11 1 1 0 0 0 2 0 0
856 2 0 0 0 0 0 0 0 0
857 46 1 1 15 0 0 0 0 0
859 14 0 0 0 0 0 0 0 0
860 42 0 0 0 0 0 0 0 0
861 14 0 0 0 0 0 0 0 0
864 1 0 0 0 0 0 1 0 0
865 1 0 0 0 0 0 1 0 0
866 2 0 0 0 0 0 0 0 0
872 8 0 0 1 0 0 2 0 0
876 3 1 1 2 0 0 0 0 0
882 1 0 0 0 0 0 1 0 0
886 8 0 0 7 0 0 0 0 0
fn=_dl_map_object
161 4 0 0 0 0 0 2 0 0
162 2 0 0 0 0 0 1 0 0
164 3 0 0 1 0 0 0 0 0
167 4 1 1 1 0 0 1 0 0
691 9 1 1 3 0 0 0 0 0
2317 30 2 2 0 0 0 24 2 2
2324 6 0 0 0 0 0 0 0 0
2325 6 0 0 3 1 1 0 0 0
2328 45 1 1 9 0 0 0 0 0
2333 21 0 0 7 0 0 0 0 0
2334 14 0 0 0 0 0 0 0 0
2336 36 0 0 0 0 0 7 2 2
2340 12 0 0 6 0 0 0 0 0
2341 18 1 1 6 0 0 0 0 0
2344 2 0 0 2 0 0 0 0 0
2345 4 0 0 4 0 0 0 0 0
2346 8 1 1 0 0 0 2 0 0
2362 4 1 1 2 0 0 0 0 0
2372 12 1 1 2 0 0 2 0 0
2396 2 0 0 0 0 0 2 1 1
2398 10 0 0 0 0 0 2 0 0
2402 4 1 1 0 0 0 2 0 0
2404 2 0 0 1 0 0 0 0 0
2411 4 1 1 1 0 0 0 0 0
2415 2 1 1 1 0 0 1 0 0
2416 3 0 0 0 0 0 1 0 0
2420 3 1 1 1 0 0 0 0 0
2421 1 0 0 0 0 0 0 0 0
2423 11 1 1 0 0 0 4 0 0
2435 4 1 1 3 0 0 0 0 0
2436 7 1 1 2 0 0 0 0 0
2437 1 1 1 0 0 0 0 0 0
2446 2 0 0 1 0 0 0 0 0
2447 18 1 1 2 0 0 4 0 0
2453 6 0 0 0 0 0 2 0 0
2454 1 1 1 0 0 0 0 0 0
2456 2 1 1 1 0 0 1 0 0
2462 4 0 0 0 0 0 1 0 0
2464 3 0 0 1 0 0 0 0 0
2468 3 0 0 0 0 0 2 0 0
2470 2 0 0 0 0 0 0 0 0
2474 3 1 1 1 0 0 0 0 0
2482 2 0 0 1 0 0 0 0 0
2504 9 1 1 2 0 0 1 0 0
2507 3 0 0 0 0 0 1 0 0
2509 1 0 0 0 0 0 1 0 0
2510 3 0 0 1 0 0 0 0 0
2530 2 1 1 1 0 0 0 0 0
2536 1 0 0 0 0 0 1 0 0
2538 6 0 0 0 0 0 1 0 0
2539 3 1 1 0 0 0 0 0 0
2540 1 0 0 0 0 0 0 0 0
2543 7 0 0 0 0 0 1 0 0
2546 2 0 0 0 0 0 0 0 0
2558 8 0 0 2 0 0 0 0 0
2560 4 1 1 0 0 0 0 0 0
2604 4 0 0 2 0 0 2 0 0
2605 24 1 1 4 0 0 8 0 0
2607 24 0 0 21 0 0 0 0 0
fn=_dl_map_object_from_fd
474 2 1 1 1 0 0 0 0 0
923 30 1 1 0 0 0 20 2 2
934 8 1 1 2 0 0 4 1 1
935 2 0 0 0 0 0 2 0 0
938 12 0 0 0 0 0 2 0 0
949 29 1 1 9 0 0 0 0 0
950 26 0 0 14 1 1 0 0 0
967 4 1 1 2 0 0 0 0 0
992 4 0 0 2 0 0 0 0 0
1002 4 1 1 2 0 0 0 0 0
1024 8 0 0 4 0 0 0 0 0
1056 4 0 0 0 0 0 0 0 0
1059 16 1 1 8 0 0 2 0 0
1060 4 0 0 0 0 0 0 0 0
1071 6 0 0 4 0 0 2 2 2
1072 6 0 0 4 0 0 2 0 0
1073 4 1 1 2 0 0 2 0 0
1075 10 0 0 0 0 0 0 0 0
1076 8 0 0 4 0 0 0 0 0
1077 2 0 0 0 0 0 0 0 0
1092 2 1 1 0 0 0 2 0 0
1101 24 1 1 4 0 0 6 0 0
1102 2 0 0 0 0 0 0 0 0
1103 2 0 0 0 0 0 0 0 0
1109 142 0 0 0 0 0 0 0 0
1110 136 2 2 17 0 0 0 0 0
1116 4 0 0 2 0 0 2 0 0
1117 6 0 0 2 0 0 2 0 0
1118 2 0 0 0 0 0 0 0 0
1121 2 0 0 1 0 0 1 0 0
1122 1 0 0 0 0 0 0 0 0
1127 20 2 2 8 0 0 0 0 0
1133 24 0 0 8 0 0 0 0 0
1134 4 0 0 0 0 0 0 0 0
1141 20 0 0 4 0 0 0 0 0
1142 16 0 0 0 0 0 4 2 2
1143 12 0 0 4 0 0 0 0 0
1144 8 0 0 0 0 0 4 2 2
1145 4 0 0 0 0 0 4 0 0
1146 8 1 1 4 0 0 4 2 2
1147 8 0 0 0 0 0 4 0 0
1151 8 0 0 0 0 0 0 0 0
1152 6 0 0 2 0 0 0 0 0
1157 28 1 1 4 0 0 4 0 0
1167 4 0 0 0 0 0 0 0 0
1170 3 0 0 1 0 0 0 0 0
1174 1 0 0 0 0 0 1 1 1
1175 2 1 1 1 0 0 1 0 0
1176 2 0 0 0 0 0 0 0 0
1177 1 0 0 0 0 0 0 0 0
1179 3 0 0 1 0 0 1 1 1
1180 2 0 0 1 0 0 1 0 0
1183 2 0 0 1 0 0 1 0 0
1187 4 0 0 1 0 0 0 0 0
1193 3 0 0 1 0 0 2 1 1
1194 1 0 0 0 0 0 0 0 0
1198 8 0 0 2 0 0 2 0 0
1206 10 0 0 0 0 0 0 0 0
1250 4 1 1 2 0 0 2 0 0
1251 8 0 0 0 0 0 0 0 0
1254 4 1 1 2 0 0 2 0 0
1255 6 0 0 4 0 0 2 0 0
1256 2 0 0 0 0 0 0 0 0
1259 6 0 0 0 0 0 0 0 0
1272 16 1 1 10 0 0 2 0 0
1274 4 0 0 2 0 0 0 0 0
1288 2 0 0 2 0 0 0 0 0
1293 14 1 1 8 0 0 4 1 1
1297 4 0 0 0 0 0 0 0 0
1304 6 0 0 2 0 0 2 0 0
1305 6 1 1 4 0 0 2 0 0
1307 4 0 0 0 0 0 0 0 0
1313 12 0 0 2 0 0 2 0 0
1314 2 1 1 2 0 0 0 0 0
1317 2 0 0 2 0 0 0 0 0
1319 2 0 0 2 0 0 0 0 0
1340 20 0 0 4 0 0 0 0 0
1342 8 1 1 4 0 0 0 0 0
1344 20 0 0 8 0 0 2 0 0
1352 12 0 0 4 0 0 0 0 0
1353 6 1 1 4 0 0 2 0 0
1355 8 0 0 4 0 0 0 0 0
1356 5 1 1 3 0 0 0 0 0
1357 6 0 0 2 0 0 0 0 0
1358 5 1 1 1 0 0 0 0 0
1360 4 0 0 0 0 0 1 0 0
1363 16 0 0 8 0 0 0 0 0
1369 4 0 0 2 0 0 0 0 0
1370 2 0 0 0 0 0 0 0 0
1371 10 0 0 2 0 0 0 0 0
1372 4 1 1 0 0 0 0 0 0
1379 4 0 0 0 0 0 0 0 0
1382 4 0 0 0 0 0 0 0 0
1393 14 0 0 0 0 0 6 0 0
1394 10 0 0 6 0 0 0 0 0
1399 4 0 0 0 0 0 0 0 0
1403 8 0 0 1 0 0 1 0 0
1406 2 0 0 0 0 0 0 0 0
1414 4 1 1 0 0 0 0 0 0
1418 8 1 1 4 0 0 0 0 0
1427 6 0 0 2 0 0 2 0 0
1433 4 0 0 0 0 0 0 0 0
1449 6 1 1 2 0 0 0 0 0
1468 4 0 0 2 0 0 2 0 0
1470 10 0 0 4 0 0 0 0 0
1525 6 0 0 2 1 1 0 0 0
1526 2 0 0 1 0 0 1 0 0
1529 8 1 1 2 0 0 2 0 0
1537 14 1 1 2 0 0 0 0 0
1540 8 1 1 4 0 0 2 0 0
1542 4 0 0 2 0 0 0 0 0
1558 4 0 0 0 0 0 2 0 0
1562 4 0 0 2 0 0 0 0 0
1563 4 0 0 2 0 0 0 0 0
1580 4 1 1 2 0 0 0 0 0
1581 1 0 0 0 0 0 1 0 0
1584 4 0 0 2 0 0 2 0 0
1585 4 0 0 2 0 0 2 0 0
1589 4 0 0 2 0 0 0 0 0
1599 6 1 1 2 0 0 2 0 0
1603 8 0 0 2 0 0 0 0 0
1623 16 0 0 14 0 0 0 0 0
fn=expand_dynamic_string_token
161 6 0 0 0 0 0 2 0 0
162 4 1 1 0 0 0 2 0 0
164 4 0 0 0 0 0 0 0 0
167 8 0 0 0 0 0 0 0 0
415 16 1 1 0 0 0 10 0 0
425 10 0 0 0 0 0 2 0 0
440 10 0 0 10 0 0 0 0 0
fn=fillin_rpath
486 17 1 1 0 0 0 12 0 0
488 1 0 0 0 0 0 0 0 0
491 7 1 1 0 0 0 2 0 0
495 5 0 0 1 0 0 1 0 0
497 3 0 0 0 0 0 1 0 0
501 2 0 0 0 0 0 0 0 0
508 8 2 2 1 0 0 0 0 0
513 2 0 0 0 0 0 1 0 0
516 5 0 0 1 0 0 0 0 0
523 18 1 1 5 0 0 1 0 0
524 8 0 0 4 0 0 0 0 0
542 4 2 2 1 0 0 1 0 0
545 2 0 0 0 0 0 1 0 0
546 4 1 1 2 0 0 1 0 0
547 4 0 0 0 0 0 2 0 0
548 4 1 1 2 0 0 0 0 0
552 1 0 0 0 0 0 1 1 1
553 1 0 0 0 0 0 0 0 0
554 5 0 0 0 0 0 3 0 0
555 1 0 0 0 0 0 1 0 0
557 3 0 0 2 0 0 0 0 0
563 4 1 1 1 0 0 0 0 0
564 14 0 0 0 0 0 0 0 0
565 10 1 1 0 0 0 2 0 0
567 2 0 0 1 0 0 1 0 0
568 2 0 0 1 0 0 0 0 0
573 2 1 1 0 0 0 1 0 0
575 2 1 1 1 0 0 1 0 0
576 1 0 0 0 0 0 1 0 0
579 3 0 0 0 0 0 1 0 0
581 4 1 1 2 0 0 1 0 0
585 1 0 0 0 0 0 1 0 0
588 9 0 0 7 0 0 0 0 0
fn=open_path
2168 14 2 2 0 0 0 12 0 0
2169 2 0 0 1 0 0 1 0 0
2172 1 0 0 0 0 0 1 0 0
2173 1 1 1 0 0 0 1 0 0
2175 2 0 0 0 0 0 0 0 0
2180 8 0 0 2 0 0 0 0 0
2183 1 0 0 1 0 0 0 0 0
2187 2 0 0 0 0 0 0 0 0
2192 2 0 0 1 0 0 0 0 0
2199 5 0 0 2 0 0 2 0 0
2200 16 1 1 1 0 0 0 0 0
2203 8 1 1 4 0 0 0 0 0
2207 52 1 1 24 0 0 8 0 0
2210 4 0 0 0 0 0 0 0 0
2213 8 0 0 4 0 0 0 0 0
2216 28 1 1 16 0 0 4 0 0
2218 12 0 0 4 0 0 0 0 0
2220 8 0 0 0 0 0 0 0 0
2225 8 1 1 4 0 0 0 0 0
2226 36 0 0 16 0 0 0 0 0
2232 17 1 1 5 0 0 5 0 0
2234 24 1 1 4 0 0 4 0 0
2235 2 0 0 1 0 0 0 0 0
2237 21 1 1 4 0 0 4 0 0
2244 8 0 0 0 0 0 0 0 0
2254 2 0 0 0 0 0 1 0 0
2282 1 0 0 0 0 0 0 0 0
2285 5 0 0 1 0 0 0 0 0
2290 1 1 1 1 0 0 0 0 0
2292 4 0 0 3 0 0 0 0 0
2295 3 0 0 1 0 0 0 0 0
2309 11 1 1 7 0 0 0 0 0
fn=open_verify
1873 12 2 2 0 0 0 8 0 0
1909 3 0 0 1 0 0 0 0 0
1930 5 0 0 1 0 0 2 0 0
1931 2 0 0 0 0 0 0 0 0
1941 1 1 1 0 0 0 1 0 0
1942 2 0 0 0 0 0 1 0 0
1947 6 0 0 1 0 0 1 0 0
1949 2 0 0 0 0 0 0 0 0
1951 3 0 0 1 0 0 1 0 0
1953 2 0 0 0 0 0 0 0 0
1959 2 1 1 0 0 0 0 0 0
1975 11 0 0 0 0 0 1 0 0
1977 1 0 0 1 0 0 0 0 0
1979 4 1 1 0 0 0 1 0 0
2006 3 1 1 2 0 0 0 0 0
2050 2 0 0 1 0 0 0 0 0
2055 2 0 0 1 0 0 0 0 0
2058 4 0 0 1 0 0 0 0 0
2063 2 1 1 1 0 0 0 0 0
2070 5 0 0 1 0 0 0 0 0
2071 4 0 0 1 0 0 0 0 0
2072 1 0 0 0 0 0 0 0 0
2087 61 0 0 0 0 0 0 0 0
2089 19 1 1 9 6 6 0 0 0
2093 4 1 1 2 0 0 0 0 0
2094 2 0 0 0 0 0 0 0 0
2103 6 1 1 0 0 0 1 0 0
2106 1 0 0 0 0 0 0 0 0
2107 3 0 0 1 0 0 0 0 0
2108 3 0 0 1 0 0 0 0 0
2110 3 0 0 0 0 0 0 0 0
2154 8 0 0 7 0 0 0 0 0
fn=open_verify.constprop.6
1871 55 2 2 0 0 0 35 1 1
1909 15 0 0 5 0 0 0 0 0
1930 25 0 0 5 0 0 10 0 0
1931 10 0 0 0 0 0 0 0 0
1941 1 0 0 0 0 0 1 0 0
1942 2 0 0 0 0 0 1 0 0
1947 6 1 1 1 0 0 1 0 0
1949 2 0 0 0 0 0 0 0 0
1951 3 0 0 1 0 0 1 0 0
1953 2 0 0 0 0 0 0 0 0
1959 2 0 0 0 0 0 0 0 0
1975 11 1 1 0 0 0 1 0 0
1977 1 0 0 1 0 0 0 0 0
1979 4 0 0 0 0 0 1 0 0
2050 2 1 1 1 0 0 0 0 0
2055 2 0 0 1 0 0 0 0 0
2058 4 0 0 1 0 0 0 0 0
2063 2 0 0 1 0 0 0 0 0
2070 7 1 1 1 0 0 0 0 0
2071 4 0 0 1 0 0 0 0 0
2072 1 0 0 0 0 0 0 0 0
2087 45 0 0 0 0 0 0 0 0
2089 17 1 1 8 0 0 0 0 0
2093 4 1 1 2 0 0 0 0 0
2094 2 0 0 0 0 0 0 0 0
2103 12 1 1 0 0 0 2 0 0
2106 1 0 0 0 0 0 0 0 0
2107 3 0 0 1 0 0 0 0 0
2108 3 0 0 1 0 0 0 0 0
2110 3 0 0 0 0 0 0 0 0
2115 1 0 0 0 0 0 0 0 0
2116 1 0 0 0 0 0 0 0 0
2119 2 0 0 0 0 0 0 0 0
2122 3 0 0 1 0 0 0 0 0
2123 5 0 0 1 0 0 0 0 0
2124 2 0 0 1 0 0 0 0 0
2125 3 0 0 1 0 0 0 0 0
2126 6 0 0 2 0 0 0 0 0
2131 4 1 1 0 0 0 0 0 0
2154 40 1 1 35 0 0 0 0 0
fl=/build/eglibc-3GlaMS/eglibc-2.19/elf/dl-lookup.c
fn=_dl_lookup_symbol_x
475 198 0 0 0 0 0 0 0 0
476 5874 2 2 1419 98 92 99 0 0
477 5280 0 0 0 0 0 0 0 0
714 1386 1 1 0 0 0 792 7 0
716 198 0 0 0 0 0 99 0 0
717 198 0 0 0 0 0 198 1 0
720 99 0 0 99 5 0 0 0 0
724 380 1 1 91 0 0 0 0 0
728 198 0 0 0 0 0 99 0 0
729 198 0 0 99 0 0 0 0 0
731 198 0 0 198 7 2 0 0 0
735 816 1 1 6 0 0 198 0 0
737 1287 1 1 594 0 0 693 7 0
740 198 0 0 0 0 0 0 0 0
743 6 0 0 0 0 0 0 0 0
766 198 1 1 99 0 0 0 0 0
768 42 1 1 12 0 0 0 0 0
784 6 0 0 0 0 0 6 0 0
785 12 1 1 0 0 0 0 0 0
788 93 0 0 93 0 0 0 0 0
789 651 0 0 186 0 0 0 0 0
815 93 0 0 0 0 0 0 0 0
824 465 0 0 93 0 0 0 0 0
838 279 1 1 93 8 1 0 0 0
839 2 1 1 0 0 0 1 0 0
841 372 0 0 186 0 0 0 0 0
846 93 0 0 0 0 0 93 0 0
848 792 0 0 693 0 0 0 0 0
fn=_dl_setup_hash
859 12 1 1 4 0 0 0 0 0
863 4 0 0 4 0 0 0 0 0
867 8 0 0 4 4 4 4 1 1
868 4 0 0 4 0 0 0 0 0
869 4 0 0 4 1 1 0 0 0
871 12 1 1 0 0 0 0 0 0
872 4 0 0 0 0 0 4 0 0
873 12 0 0 4 0 0 4 0 0
875 4 0 0 0 0 0 4 0 0
876 8 0 0 0 0 0 0 0 0
878 4 0 0 0 0 0 4 0 0
879 4 0 0 0 0 0 0 0 0
880 16 1 1 0 0 0 4 0 0
881 4 0 0 4 0 0 0 0 0
fn=check_match.9458
131 651 1 1 0 0 0 372 1 0
132 186 1 1 93 18 11 0 0 0
134 372 0 0 186 13 11 0 0 0
136 279 0 0 93 0 0 0 0 0
146 279 0 0 93 0 0 93 9 1
149 330 0 0 165 0 0 24 2 0
153 186 0 0 186 0 0 0 0 0
154 279 1 1 93 0 0 0 0 0
156 182 0 0 0 0 0 0 0 0
175 182 0 0 182 12 7 0 0 0
176 728 1 1 273 8 2 0 0 0
177 455 1 1 182 1 0 91 0 0
204 4 2 2 0 0 0 0 0 0
206 12 0 0 4 2 2 0 0 0
207 8 0 0 2 0 0 0 0 0
222 651 0 0 465 0 0 0 0 0
fn=do_lookup_x
77 792 1 1 297 0 0 495 4 0
82 1188 2 2 198 0 0 693 12 0
83 99 0 0 99 1 0 0 0 0
89 99 0 0 99 0 0 0 0 0
95 310 0 0 0 0 0 310 0 0
96 310 0 0 0 0 0 310 0 0
98 930 1 1 620 22 1 310 0 0
101 620 0 0 0 0 0 0 0 0
105 626 0 0 313 0 0 0 0 0
109 618 0 0 309 16 0 0 0 0
113 618 0 0 309 3 0 0 0 0
119 927 1 1 309 11 0 0 0 0
123 618 0 0 618 26 2 0 0 0
124 927 0 0 618 1 0 309 0 0
225 309 0 0 309 0 0 0 0 0
226 618 0 0 0 0 0 0 0 0
228 309 0 0 309 51 38 0 0 0
229 198 0 0 0 0 0 0 0 0
230 618 0 0 309 0 0 0 0 0
232 396 0 0 0 0 0 0 0 0
233 1236 1 1 309 0 0 0 0 0
236 1236 0 0 0 0 0 0 0 0
237 927 0 0 0 0 0 0 0 0
239 196 0 0 196 53 46 0 0 0
240 392 1 1 0 0 0 0 0 0
241 196 0 0 0 0 0 0 0 0
243 294 0 0 98 0 0 0 0 0
246 970 1 1 194 67 61 0 0 0
248 744 1 1 186 0 0 186 0 0
249 744 0 0 0 0 0 465 1 0
250 465 0 0 279 0 0 0 0 0
253 303 0 0 0 0 0 0 0 0
257 216 0 0 0 0 0 216 0 0
281 432 0 0 216 0 0 0 0 0
286 696 0 0 93 0 0 0 0 0
290 222 1 1 12 3 0 93 0 0
303 186 0 0 93 0 0 93 0 0
304 186 0 0 93 0 0 93 0 0
305 93 1 1 0 0 0 0 0 0
461 1212 1 1 404 1 0 0 0 0
462 385 0 0 140 0 0 140 2 0
465 651 1 1 0 0 0 0 0 0
468 12 0 0 0 0 0 0 0 0
469 792 0 0 693 0 0 0 0 0
fl=/build/eglibc-3GlaMS/eglibc-2.19/elf/dl-minimal.c
fn=__libc_memalign
51 88 1 1 0 0 0 44 2 2
52 108 0 0 43 0 0 0 0 0
57 3 0 0 0 0 0 1 0 0
58 3 1 1 1 0 0 0 0 0
59 1 0 0 0 0 0 0 0 0
63 66 1 1 0 0 0 22 0 0
64 22 0 0 0 0 0 0 0 0
66 142 0 0 0 0 0 0 0 0
70 12 0 0 3 0 0 0 0 0
71 9 1 1 0 0 0 0 0 0
77 21 0 0 0 0 0 3 0 0
79 15 0 0 6 0 0 0 0 0
83 9 0 0 0 0 0 3 0 0
86 22 0 0 0 0 0 22 0 0
87 22 0 0 0 0 0 22 0 0
89 167 0 0 66 0 0 0 0 0
fn=calloc
102 8 1 1 0 0 0 0 0 0
106 8 0 0 0 0 0 0 0 0
109 40 0 0 0 0 0 0 0 0
113 8 0 0 0 0 0 0 0 0
fn=free
119 2 0 0 0 0 0 1 0 0
121 2 1 1 1 0 0 0 0 0
128 2 0 0 2 0 0 0 0 0
fn=malloc
93 21 1 1 0 0 0 0 0 0
94 42 0 0 0 0 0 0 0 0
fn=strsep
338 8 1 1 4 0 0 0 0 0
340 4 0 0 4 0 0 0 0 0
341 8 0 0 0 0 0 0 0 0
345 317 1 1 63 0 0 0 0 0
350 244 0 0 122 0 0 0 0 0
352 366 0 0 122 0 0 0 0 0
360 61 0 0 0 0 0 0 0 0
363 2 0 0 0 0 0 2 0 0
367 4 0 0 4 0 0 0 0 0
fl=/build/eglibc-3GlaMS/eglibc-2.19/elf/dl-misc.c
fn=_dl_name_match_p
288 245 1 1 0 0 0 98 1 0
289 196 0 0 49 0 0 49 2 1
290 52 0 0 0 0 0 0 0 0
292 49 0 0 49 0 0 0 0 0
294 198 0 0 0 0 0 0 0 0
295 265 1 1 53 8 1 53 0 0
298 50 0 0 50 0 0 0 0 0
300 46 0 0 0 0 0 0 0 0
301 245 0 0 147 0 0 0 0 0
fn=_dl_sysdep_read_whole_file
45 7 2 2 0 0 0 4 0 0
46 1 0 0 0 0 0 0 0 0
52 4 0 0 0 0 0 1 0 0
53 2 0 0 0 0 0 0 0 0
55 6 0 0 0 0 0 1 0 0
57 2 0 0 1 0 0 1 1 1
60 2 0 0 0 0 0 0 0 0
62 8 1 1 0 0 0 1 0 0
73 2 0 0 0 0 0 1 0 0
76 7 0 0 5 0 0 0 0 0
fl=/build/eglibc-3GlaMS/eglibc-2.19/elf/dl-object.c
fn=_dl_add_to_namespace_list
32 15 1 1 0 0 0 6 0 0
34 6 0 0 3 0 0 3 0 0
36 22 1 1 3 0 0 0 0 0
39 15 0 0 5 0 0 0 0 0
40 3 0 0 0 0 0 0 0 0
41 2 0 0 0 0 0 2 0 0
43 2 0 0 0 0 0 2 0 0
46 2 0 0 0 0 0 1 0 0
47 9 0 0 3 0 0 0 0 0
48 6 0 0 3 0 0 3 0 0
49 6 0 0 0 0 0 3 0 0
51 9 0 0 3 0 0 0 0 0
52 9 0 0 6 0 0 0 0 0
fn=_dl_new_object
61 42 2 2 0 0 0 30 1 1
62 15 0 0 0 0 0 3 1 1
68 36 1 1 6 0 0 0 0 0
75 15 0 0 0 0 0 6 0 0
78 6 0 0 0 0 0 0 0 0
81 3 0 0 0 0 0 3 2 2
82 6 0 0 0 0 0 3 3 3
86 6 0 0 0 0 0 3 2 2
87 15 1 1 6 0 0 6 1 1
89 3 0 0 0 0 0 3 0 0
97 15 0 0 6 0 0 3 0 0
98 18 1 1 6 3 3 3 0 0
101 6 0 0 3 0 0 0 0 0
102 7 1 1 0 0 0 3 3 3
103 3 0 0 0 0 0 3 0 0
107 3 0 0 0 0 0 3 0 0
110 43 1 1 0 0 0 0 0 0
112 32 0 0 0 0 0 16 5 5
122 6 0 0 0 0 0 3 0 0
123 3 0 0 0 0 0 3 3 3
126 3 0 0 0 0 0 0 0 0
128 18 1 1 3 0 0 0 0 0
130 6 0 0 0 0 0 2 1 1
133 7 0 0 0 0 0 0 0 0
137 6 0 0 2 0 0 0 0 0
141 15 0 0 2 0 0 0 0 0
143 1 1 1 0 0 0 0 0 0
149 1 0 0 0 0 0 1 1 1
152 6 0 0 0 0 0 3 1 1
155 15 0 0 6 0 0 0 0 0
157 10 0 0 2 0 0 4 0 0
161 10 1 1 0 0 0 0 0 0
165 6 2 2 0 0 0 2 0 0
166 8 0 0 0 0 0 0 0 0
211 8 0 0 4 0 0 2 0 0
216 82 0 0 0 0 0 0 0 0
217 88 0 0 42 0 0 0 0 0
222 4 0 0 0 0 0 2 0 0
225 4 1 1 0 0 0 2 0 0
229 24 1 1 21 0 0 0 0 0
fl=/build/eglibc-3GlaMS/eglibc-2.19/elf/dl-open.c
fn=_dl_find_dso_for_object
182 5 1 1 1 0 0 0 0 0
183 10 2 2 3 0 0 0 0 0
184 12 0 0 6 0 0 0 0 0
185 2 0 0 1 0 0 0 0 0
188 2 1 1 1 0 0 0 0 0
192 1 0 0 1 0 0 0 0 0
fl=/build/eglibc-3GlaMS/eglibc-2.19/elf/dl-reloc.c
fn=_dl_relocate_object
154 48 1 1 0 0 0 32 0 0
161 4 0 0 0 0 0 4 0 0
164 8 0 0 0 0 0 0 0 0
165 20 1 1 0 0 0 12 0 0
169 8 0 0 0 0 0 0 0 0
170 16 1 1 8 1 0 0 0 0
176 8 0 0 4 0 0 0 0 0
182 12 0 0 4 0 0 0 0 0
183 8 1 1 4 3 0 0 0 0
186 8 1 1 4 0 0 0 0 0
193 8 0 0 4 1 0 0 0 0
238 12 0 0 8 0 0 4 0 0
264 234 3 3 83 10 1 53 0 0
267 12 1 1 4 0 0 0 0 0
295 4 0 0 4 0 0 0 0 0
298 8 0 0 4 0 0 0 0 0
315 12 0 0 4 3 0 0 0 0
317 32 0 0 28 1 0 0 0 0
323 16 1 1 8 0 0 0 0 0
324 8 0 0 4 0 0 0 0 0
325 8 0 0 0 0 0 0 0 0
328 8 0 0 0 0 0 0 0 0
329 20 1 1 0 0 0 4 0 0
fl=/build/eglibc-3GlaMS/eglibc-2.19/elf/dl-tls.c
fn=__tls_get_addr
770 1 1 1 1 0 0 0 0 0
772 3 0 0 2 2 1 0 0 0
775 3 0 0 2 1 1 0 0 0
777 2 0 0 0 0 0 0 0 0
780 1 0 0 1 0 0 0 0 0
781 1 0 0 1 0 0 0 0 0
fn=_dl_add_to_slotinfo
831 4 1 1 0 0 0 3 0 0
837 2 1 1 1 0 0 0 0 0
840 1 0 0 1 1 0 0 0 0
845 5 0 0 1 0 0 0 0 0
886 1 0 0 0 0 0 1 1 0
887 3 1 1 1 1 0 1 0 0
888 4 0 0 4 0 0 0 0 0
fn=_dl_allocate_tls_init
376 8 1 1 0 0 0 7 0 0
377 2 0 0 0 0 0 0 0 0
381 3 0 0 2 1 0 1 0 0
383 1 0 0 0 0 0 0 0 0
384 1 0 0 0 0 0 0 0 0
389 3 0 0 1 0 0 1 0 0
394 12 1 1 2 0 0 0 0 0
400 9 0 0 0 0 0 0 0 0
403 1 1 1 1 0 0 0 0 0
404 2 0 0 0 0 0 0 0 0
410 3 0 0 1 0 0 0 0 0
412 2 0 0 0 0 0 0 0 0
413 2 0 0 1 0 0 0 0 0
422 2 1 1 1 0 0 0 0 0
423 4 0 0 2 0 0 0 0 0
425 2 0 0 0 0 0 0 0 0
426 2 1 1 1 0 0 0 0 0
434 4 0 0 1 0 0 1 1 0
435 1 0 0 0 0 0 1 0 0
436 11 0 0 4 0 0 2 0 0
450 2 1 1 1 0 0 1 0 0
452 1 0 0 1 0 0 0 0 0
453 8 1 1 7 0 0 0 0 0
fn=_dl_allocate_tls_storage
295 2 0 0 1 0 0 0 0 0
296 3 1 1 0 0 0 1 0 0
297 2 0 0 0 0 0 0 0 0
300 1 0 0 0 0 0 1 1 1
306 2 0 0 0 0 0 1 0 0
328 3 1 1 0 0 0 3 0 0
330 1 0 0 1 0 0 0 0 0
341 4 0 0 1 0 0 1 0 0
342 2 0 0 0 0 0 0 0 0
349 1 0 0 0 0 0 0 0 0
353 306 1 1 0 0 0 288 36 36
370 5 0 0 4 0 0 0 0 0
fn=_dl_determine_tlsoffset
112 7 1 1 0 0 0 6 0 0
113 2 1 1 0 0 0 0 0 0
114 1 0 0 0 0 0 0 0 0
115 1 0 0 0 0 0 0 0 0
118 3 1 1 1 0 0 0 0 0
121 2 0 0 1 0 0 0 0 0
123 1 0 0 0 0 0 0 0 0
155 1 0 0 0 0 0 0 0 0
157 10 0 0 2 0 0 0 0 0
159 3 0 0 1 0 0 0 0 0
161 3 0 0 1 0 0 0 0 0
162 2 1 1 1 0 0 0 0 0
164 2 0 0 0 0 0 0 0 0
166 5 0 0 1 0 0 0 0 0
168 2 1 1 0 0 0 0 0 0
182 9 1 1 0 0 0 0 0 0
184 3 0 0 0 0 0 0 0 0
185 1 0 0 0 0 0 0 0 0
194 1 0 0 0 0 0 1 0 0
197 4 0 0 0 0 0 1 0 0
198 1 0 0 0 0 0 1 0 0
249 1 0 0 0 0 0 1 0 0
250 8 0 0 7 0 0 0 0 0
fn=_dl_next_tls_modid
50 1 1 1 0 0 0 0 0 0
53 3 0 0 2 0 0 0 0 0
101 2 0 0 0 0 0 1 0 0
105 2 0 0 1 0 0 0 0 0
fl=/build/eglibc-3GlaMS/eglibc-2.19/elf/dl-version.c
fn=_dl_check_all_versions
380 6 1 1 0 0 0 4 0 0
382 2 0 0 0 0 0 0 0 0
384 16 1 1 4 0 0 0 0 0
385 4 1 1 0 0 0 0 0 0
386 40 0 0 4 0 0 4 0 0
389 7 0 0 5 0 0 0 0 0
fn=_dl_check_map_versions
56 24 0 0 4 0 0 0 0 0
57 5 0 0 5 0 0 0 0 0
58 37 1 1 0 0 0 7 0 0
174 44 1 1 0 0 0 32 0 0
175 2 0 0 0 0 0 0 0 0
183 2 1 1 0 0 0 0 0 0
189 12 0 0 4 0 0 0 0 0
191 8 0 0 4 0 0 4 0 0
193 8 0 0 4 0 0 4 0 0
194 8 1 1 4 0 0 4 0 0
196 8 0 0 0 0 0 0 0 0
199 8 0 0 6 0 0 2 0 0
203 12 0 0 4 2 2 0 0 0
220 6 1 1 6 0 0 0 0 0
228 6 0 0 2 0 0 0 0 0
233 14 0 0 4 0 0 0 0 0
237 90 2 2 51 3 2 10 0 0
244 20 0 0 5 0 0 0 0 0
247 17 0 0 5 0 0 0 0 0
252 3 0 0 0 0 0 0 0 0
256 8 0 0 4 0 0 0 0 0
270 12 1 1 4 0 0 0 0 0
273 6 0 0 4 0 0 0 0 0
276 112 0 0 28 4 4 0 0 0
279 84 0 0 28 2 2 0 0 0
283 26 0 0 0 0 0 0 0 0
287 8 0 0 0 0 0 0 0 0
292 3 0 0 0 0 0 3 0 0
293 12 0 0 0 0 0 3 0 0
294 6 0 0 0 0 0 0 0 0
302 3 1 1 0 0 0 3 0 0
305 9 0 0 6 0 0 3 0 0
307 9 0 0 3 0 0 0 0 0
310 8 0 0 6 0 0 0 0 0
314 6 0 0 2 0 0 0 0 0
317 15 0 0 5 0 0 0 0 0
319 15 1 1 0 0 0 0 0 0
321 25 0 0 5 0 0 5 0 0
322 15 0 0 0 0 0 5 3 3
323 15 0 0 5 0 0 5 1 1
324 15 0 0 5 0 0 5 0 0
327 15 0 0 5 0 0 0 0 0
332 3 0 0 0 0 0 0 0 0
335 6 1 1 2 0 0 0 0 0
345 9 0 0 3 0 0 0 0 0
348 8 0 0 6 0 0 0 0 0
352 28 0 0 28 0 0 0 0 0
354 56 0 0 28 0 0 0 0 0
358 26 0 0 26 0 0 0 0 0
359 130 0 0 26 0 0 26 7 7
360 78 0 0 26 0 0 26 0 0
361 26 0 0 0 0 0 26 3 3
364 84 0 0 28 0 0 0 0 0
368 26 0 0 0 0 0 0 0 0
373 7 1 1 0 0 0 0 0 0
374 32 1 1 28 0 0 0 0 0
fn=match_symbol
76 65 1 1 0 0 0 40 0 0
77 10 0 0 10 0 0 0 0 0
85 10 1 1 5 0 0 0 0 0
91 15 0 0 5 0 0 0 0 0
106 5 0 0 5 0 0 0 0 0
107 10 0 0 0 0 0 0 0 0
109 5 0 0 5 0 0 0 0 0
114 56 0 0 28 5 5 0 0 0
128 56 1 1 28 2 2 0 0 0
130 5 1 1 5 0 0 0 0 0
133 30 0 0 5 0 0 5 0 0
140 69 0 0 23 2 2 0 0 0
144 23 0 0 0 0 0 0 0 0
168 40 0 0 35 0 0 0 0 0
fl=/build/eglibc-3GlaMS/eglibc-2.19/elf/do-rel.h
fn=_dl_relocate_object
47 16 0 0 8 0 0 0 0 0
48 8 0 0 8 0 0 0 0 0
50 3 0 0 0 0 0 0 0 0
51 3 0 0 0 0 0 3 1 0
58 24 0 0 8 1 0 0 0 0
61 90 1 1 0 0 0 0 0 0
63 78 1 1 26 10 10 0 0 0
65 17 0 0 0 0 0 0 0 0
74 6 0 0 0 0 0 0 0 0
75 29 1 1 9 0 0 0 0 0
76 10 0 0 5 0 0 0 0 0
83 10 0 0 5 0 0 5 0 0
84 5 1 1 5 0 0 0 0 0
86 10 0 0 0 0 0 0 0 0
98 15 1 1 0 0 0 0 0 0
108 9 1 1 1 1 1 0 0 0
111 3590 0 0 0 0 0 0 0 0
112 2388 0 0 1194 0 0 0 0 0
118 15 0 0 5 4 0 0 0 0
121 8 0 0 4 3 0 4 1 0
124 308 0 0 99 0 0 0 0 0
127 384 0 0 96 26 22 0 0 0
136 288 0 0 192 40 37 0 0 0
137 548 0 0 96 0 0 96 1 0
138 178 0 0 96 1 0 0 0 0
139 192 1 1 96 0 0 0 0 0
143 6 0 0 0 0 0 0 0 0
160 23 2 2 5 0 0 4 0 0
162 20 1 1 5 2 2 0 0 0
170 25 0 0 5 0 0 5 0 0
171 10 0 0 10 0 0 0 0 0
174 5 0 0 2 0 0 0 0 0
fn=_dl_start
83 1 0 0 1 0 0 0 0 0
84 1 0 0 1 0 0 0 0 0
111 33 0 0 0 0 0 0 0 0
112 20 0 0 10 3 3 0 0 0
116 2 1 1 1 0 0 0 0 0
124 31 0 0 0 0 0 0 0 0
137 45 1 1 9 2 2 0 0 0
139 18 0 0 9 0 0 0 0 0
fl=/build/eglibc-3GlaMS/eglibc-2.19/elf/get-dynamic-info.h
fn=_dl_map_object_from_fd
38 4 0 0 0 0 0 0 0 0
42 2 0 0 0 0 0 0 0 0
44 141 0 0 47 13 13 0 0 0
46 90 0 0 0 0 0 0 0 0
51 42 1 1 0 0 0 0 0 0
52 71 0 0 0 0 0 43 11 11
53 8 0 0 0 0 0 0 0 0
55 2 0 0 0 0 0 0 0 0
56 10 1 1 0 0 0 0 0 0
58 2 0 0 0 0 0 0 0 0
59 10 1 1 0 0 0 0 0 0
60 2 0 0 0 0 0 0 0 0
61 8 0 0 0 0 0 2 0 0
62 45 0 0 0 0 0 0 0 0
69 4 0 0 0 0 0 0 0 0
89 7 0 0 3 0 0 0 0 0
90 8 1 1 4 0 0 0 0 0
91 8 0 0 4 0 0 0 0 0
92 8 0 0 4 0 0 0 0 0
94 8 0 0 4 0 0 0 0 0
99 8 1 1 4 0 0 0 0 0
100 7 0 0 3 1 1 0 0 0
101 8 0 0 4 0 0 0 0 0
107 6 0 0 2 0 0 0 0 0
112 4 1 1 2 0 0 0 0 0
119 4 0 0 2 0 0 0 0 0
120 6 0 0 4 0 0 0 0 0
136 6 0 0 2 0 0 0 0 0
141 2 0 0 1 0 0 1 0 0
143 2 0 0 0 0 0 0 0 0
145 2 0 0 0 0 0 0 0 0
147 2 0 0 0 0 0 0 0 0
150 6 1 1 2 0 0 0 0 0
152 2 0 0 1 0 0 1 0 0
160 2 0 0 1 0 0 0 0 0
161 2 1 1 0 0 0 0 0 0
165 2 0 0 0 0 0 0 0 0
168 4 0 0 2 0 0 0 0 0
fn=_dl_start
44 57 1 1 19 6 6 0 0 0
46 36 0 0 0 0 0 0 0 0
47 26 0 0 0 0 0 13 3 3
51 21 0 0 0 0 0 0 0 0
52 18 2 2 0 0 0 4 2 2
53 4 1 1 0 0 0 0 0 0
55 1 0 0 0 0 0 0 0 0
56 5 1 1 0 0 0 0 0 0
58 2 0 0 0 0 0 0 0 0
59 5 1 1 0 0 0 0 0 0
60 1 0 0 0 0 0 0 0 0
61 5 0 0 0 0 0 1 1 1
62 18 0 0 0 0 0 0 0 0
69 2 0 0 0 0 0 0 0 0
89 4 0 0 2 0 0 0 0 0
90 4 0 0 2 0 0 0 0 0
91 4 1 1 2 0 0 0 0 0
92 4 0 0 2 0 0 0 0 0
94 4 0 0 2 0 0 0 0 0
99 4 0 0 2 0 0 0 0 0
100 4 1 1 2 0 0 0 0 0
101 4 0 0 2 0 0 0 0 0
107 3 0 0 1 0 0 0 0 0
112 2 0 0 1 0 0 0 0 0
119 3 0 0 1 0 0 0 0 0
120 3 1 1 2 0 0 0 0 0
128 3 0 0 1 0 0 0 0 0
130 3 0 0 1 1 1 0 0 0
133 2 1 1 1 0 0 0 0 0
134 2 0 0 1 0 0 0 0 0
fn=dl_main
29 1 0 0 1 0 0 0 0 0
38 2 0 0 0 0 0 0 0 0
42 1 0 0 0 0 0 0 0 0
44 72 0 0 24 7 7 0 0 0
46 46 1 1 0 0 0 0 0 0
51 17 1 1 0 0 0 0 0 0
52 33 0 0 0 0 0 22 5 5
53 4 0 0 0 0 0 0 0 0
55 1 0 0 0 0 0 0 0 0
56 5 1 1 0 0 0 0 0 0
58 1 0 0 0 0 0 0 0 0
59 5 0 0 0 0 0 0 0 0
60 1 0 0 0 0 0 0 0 0
61 4 1 1 0 0 0 1 0 0
62 23 0 0 0 0 0 0 0 0
69 3 1 1 1 0 0 0 0 0
107 3 2 2 1 0 0 0 0 0
112 2 0 0 1 0 0 0 0 0
119 2 0 0 1 0 0 0 0 0
120 3 0 0 2 0 0 0 0 0
136 3 0 0 1 0 0 0 0 0
150 3 1 1 1 0 0 0 0 0
168 2 1 1 1 0 0 0 0 0
fl=/build/eglibc-3GlaMS/eglibc-2.19/elf/rtld.c
fn=_dl_initial_error_catch_tsd
798 8 0 0 4 0 0 0 0 0
fn=_dl_start
285 75 4 4 8 1 1 8 2 2
297 2 0 0 0 0 0 1 0 0
298 2 0 0 0 0 0 1 0 0
299 2 0 0 0 0 0 1 0 0
300 2 1 1 0 0 0 1 1 1
301 2 0 0 0 0 0 1 0 0
322 5 0 0 0 0 0 1 0 0
326 1 0 0 0 0 0 1 0 0
332 4 1 0 0 0 0 1 0 0
341 4 1 0 0 0 0 0 0 0
344 2 0 0 1 1 0 1 1 0
348 2 0 0 1 0 0 0 0 0
362 9 2 2 0 0 0 6 0 0
380 5 0 0 0 0 0 1 1 1
406 1 0 0 0 0 0 1 1 1
409 1 0 0 0 0 0 1 1 1
537 2 0 0 0 0 0 0 0 0
542 34 3 3 9 0 0 0 0 0
544 1 0 0 1 1 1 0 0 0
569 9 0 0 7 1 0 0 0 0
fn=dl_main
891 12 1 1 0 0 0 8 1 1
897 1 0 0 0 0 0 0 0 0
899 2 0 0 0 0 0 0 0 0
900 1 0 0 0 0 0 0 0 0
906 1 0 0 0 0 0 1 0 0
910 2 0 0 0 0 0 1 0 0
913 2 0 0 0 0 0 1 1 1
917 2 0 0 0 0 0 1 1 1
918 2 0 0 0 0 0 1 0 0
923 2 1 1 0 0 0 1 0 0
933 4 2 2 2 0 0 0 0 0
1132 8 1 1 0 0 0 1 0 0
1134 2 0 0 0 0 0 0 0 0
1135 1 0 0 0 0 0 1 1 1
1136 2 1 1 1 0 0 1 0 0
1137 3 0 0 2 0 0 1 0 0
1141 3 0 0 0 0 0 1 0 0
1142 2 0 0 1 0 0 0 0 0
1163 1 0 0 0 0 0 1 0 0
1164 1 0 0 0 0 0 1 0 0
1166 1 0 0 0 0 0 1 0 0
1168 1 1 1 1 0 0 0 0 0
1171 36 1 1 3 0 0 0 0 0
1172 71 1 1 9 5 5 0 0 0
1176 3 1 1 1 0 0 1 0 0
1177 1 0 0 0 0 0 0 0 0
1181 3 1 1 2 0 0 1 0 0
1182 1 0 0 0 0 0 0 0 0
1190 1 0 0 0 0 0 1 1 1
1191 2 1 1 2 1 1 0 0 0
1193 2 1 1 0 0 0 1 0 0
1200 3 0 0 1 0 0 0 0 0
1218 1 0 0 0 0 0 0 0 0
1226 4 0 0 2 0 0 0 0 0
1227 10 2 2 3 1 1 0 0 0
1228 4 0 0 2 0 0 0 0 0
1229 1 0 0 0 0 0 1 0 0
1232 4 0 0 2 1 1 0 0 0
1233 4 0 0 2 0 0 0 0 0
1234 2 0 0 0 0 0 2 0 0
1235 6 0 0 3 0 0 0 0 0
1236 2 0 0 0 0 0 1 0 0
1263 2 1 1 1 0 0 1 1 1
1264 1 0 0 0 0 0 0 0 0
1267 2 0 0 1 0 0 1 0 0
1268 2 0 0 1 0 0 1 0 0
1269 1 0 0 0 0 0 0 0 0
1274 3 0 0 1 1 1 0 0 0
1277 2 0 0 0 0 0 0 0 0
1279 2 0 0 0 0 0 0 0 0
1281 2 1 1 1 0 0 0 0 0
1294 3 0 0 1 0 0 0 0 0
1295 11 1 1 6 0 0 2 0 0
1300 1 0 0 0 0 0 1 0 0
1302 1 0 0 0 0 0 1 1 1
1303 1 0 0 0 0 0 1 0 0
1305 2 0 0 1 0 0 0 0 0
1306 2 1 1 0 0 0 1 0 0
1310 2 0 0 1 0 0 0 0 0
1312 2 0 0 0 0 0 0 0 0
1317 2 0 0 0 0 0 1 0 0
1320 4 1 1 0 0 0 1 0 0
1336 3 2 2 0 0 0 1 0 0
1342 9 1 1 1 0 0 2 0 0
1347 2 1 1 1 0 0 1 0 0
1350 4 1 1 1 0 0 2 0 0
1352 1 0 0 0 0 0 1 0 0
1357 2 0 0 1 0 0 0 0 0
1360 3 0 0 2 0 0 1 0 0
1361 4 1 1 1 0 0 1 0 0
1362 2 0 0 0 0 0 1 0 0
1363 1 0 0 0 0 0 1 0 0
1364 1 0 0 1 0 0 0 0 0
1365 1 0 0 1 0 0 0 0 0
1370 2 0 0 1 0 0 0 0 0
1371 5 0 0 1 0 0 1 0 0
1375 1 1 1 1 0 0 0 0 0
1377 4 0 0 1 0 0 0 0 0
1378 2 0 0 0 0 0 1 0 0
1379 4 0 0 1 1 1 1 0 0
1384 2 0 0 0 0 0 0 0 0
1385 6 1 1 1 1 1 0 0 0
1387 2 0 0 1 0 0 1 1 1
1388 2 0 0 1 0 0 1 0 0
1393 2 0 0 1 1 1 0 0 0
1398 3 1 1 1 0 0 0 0 0
1579 3 0 0 1 0 0 0 0 0
1582 2 0 0 1 0 0 1 0 0
1586 3 0 0 1 0 0 0 0 0
1591 2 1 1 1 0 0 1 0 0
1592 1 0 0 0 0 0 1 0 0
1597 3 0 0 1 0 0 0 0 0
1612 3 0 0 2 0 0 0 0 0
1614 1 0 0 0 0 0 0 0 0
1616 3 1 1 1 0 0 0 0 0
1623 11 2 2 0 0 0 3 0 0
1626 6 0 0 0 0 0 0 0 0
1629 12 1 1 0 0 0 2 0 0
1630 2 0 0 1 0 0 0 0 0
1631 3 0 0 1 0 0 0 0 0
1633 6 0 0 0 0 0 1 0 0
1635 4 0 0 0 0 0 0 0 0
1636 2 0 0 1 0 0 0 0 0
1637 3 0 0 0 0 0 1 0 0
1647 5 0 0 0 0 0 1 0 0
1724 4 0 0 2 0 0 0 0 0
1728 8 2 2 0 0 0 0 0 0
1729 1 0 0 0 0 0 0 0 0
1732 2 0 0 0 0 0 1 0 0
1733 1 0 0 1 0 0 0 0 0
1734 2 0 0 0 0 0 0 0 0
1735 2 0 0 0 0 0 0 0 0
1741 5 1 1 0 0 0 0 0 0
1742 8 0 0 0 0 0 1 0 0
1743 4 0 0 0 0 0 0 0 0
1745 2 0 0 1 0 0 0 0 0
1748 13 1 1 2 0 0 0 0 0
1749 16 0 0 8 0 0 0 0 0
1752 3 0 0 2 0 0 1 0 0
1753 3 0 0 1 0 0 0 0 0
1754 1 0 0 0 0 0 1 0 0
1756 12 1 1 0 0 0 0 0 0
1757 9 0 0 4 0 0 0 0 0
1767 2 1 1 0 0 0 1 0 0
1769 2 1 1 1 0 0 1 0 0
1770 2 1 1 1 0 0 0 0 0
1772 3 0 0 0 0 0 1 0 0
1774 3 0 0 0 0 0 0 0 0
1776 3 0 0 1 0 0 0 0 0
1777 1 0 0 1 0 0 0 0 0
1788 3 1 1 0 0 0 0 0 0
1790 2 1 1 0 0 0 0 0 0
1791 2 0 0 0 0 0 1 0 0
1792 3 0 0 1 0 0 0 0 0
1803 4 0 0 0 0 0 1 0 0
1804 1 0 0 0 0 0 1 0 0
1805 5 1 1 0 0 0 1 0 0
1815 2 0 0 1 0 0 1 0 0
1816 2 0 0 1 0 0 0 0 0
1817 2 1 1 0 0 0 2 0 0
1819 2 0 0 1 0 0 0 0 0
1822 1 0 0 0 0 0 1 0 0
1824 2 0 0 1 0 0 0 0 0
2054 3 0 0 1 0 0 0 0 0
2110 2 2 2 0 0 0 1 0 0
2114 4 0 0 2 0 0 2 0 0
2118 2 0 0 1 0 0 1 0 0
2121 2 0 0 0 0 0 0 0 0
2129 2 0 0 0 0 0 0 0 0
2140 1 1 1 1 0 0 0 0 0
2175 3 1 1 1 0 0 0 0 0
2182 1 0 0 1 0 0 0 0 0
2184 11 1 1 1 0 0 1 0 0
2186 13 1 1 1 1 0 0 0 0
2188 12 0 0 8 0 0 0 0 0
2193 8 0 0 8 0 0 0 0 0
2195 10 1 1 0 0 0 0 0 0
2197 1 1 1 0 0 0 1 0 0
2198 1 0 0 1 0 0 0 0 0
2201 4 0 0 4 0 0 0 0 0
2203 12 0 0 0 0 0 0 0 0
2204 24 0 0 6 2 0 3 0 0
2208 14 0 0 5 1 0 0 0 0
2209 3 0 0 0 0 0 1 0 0
2211 4 0 0 0 0 0 0 0 0
2213 2 0 0 0 0 0 1 0 0
2219 2 0 0 1 0 0 0 0 0
2224 4 1 1 2 0 0 0 0 0
2225 1 0 0 1 0 0 0 0 0
2230 2 1 1 1 0 0 1 0 0
2234 2 0 0 1 0 0 0 0 0
2248 3 0 0 2 1 0 0 0 0
2250 4 2 2 1 0 0 0 0 0
2265 5 1 1 0 0 0 0 0 0
2267 1 0 0 1 0 0 0 0 0
2268 5 0 0 1 0 0 1 0 0
2269 4 0 0 0 0 0 0 0 0
2271 3 0 0 1 0 0 0 0 0
2279 1 0 0 0 0 0 1 0 0
2283 3 0 0 1 0 0 0 0 0
2303 3 0 0 0 0 0 1 0 0
2304 1 0 0 0 0 0 1 0 0
2305 1 0 0 0 0 0 1 0 0
2310 1 0 0 0 0 0 1 0 0
2315 8 0 0 7 1 0 0 0 0
2485 2 0 0 1 0 0 1 1 1
2487 1 0 0 0 0 0 0 0 0
2488 1 0 0 0 0 0 0 0 0
2492 13 2 2 1 0 0 4 1 1
2494 15 0 0 3 0 0 3 1 1
2498 105 1 1 21 0 0 0 0 0
2499 19 0 0 0 0 0 0 0 0
2501 4 0 0 0 0 0 0 0 0
2507 16 0 0 2 0 0 0 0 0
2530 6 1 1 0 0 0 1 0 0
2537 6 1 1 0 0 0 1 0 0
2539 3 1 1 0 0 0 1 0 0
2583 6 1 1 0 0 0 1 0 0
2585 3 1 1 0 0 0 1 0 0
2660 3 1 1 1 0 0 0 0 0
2693 3 0 0 1 0 0 0 0 0
fn=do_preload
804 6 0 0 0 0 0 3 0 0
806 1 0 0 0 0 0 1 0 0
810 1 0 0 0 0 0 1 0 0
811 1 1 1 0 0 0 1 0 0
812 1 0 0 0 0 0 1 0 0
814 1 0 0 1 0 0 0 0 0
816 6 0 0 0 0 0 1 0 0
817 3 0 0 1 0 0 0 0 0
825 3 1 1 1 0 0 0 0 0
831 5 0 0 4 0 0 0 0 0
fn=init_tls
717 1 0 0 0 0 0 1 0 0
719 2 0 0 1 0 0 1 0 0
723 2 0 0 1 0 0 0 0 0
724 1 1 1 0 0 0 0 0 0
729 2 0 0 0 0 0 1 0 0
732 1 0 0 0 0 0 1 0 0
733 4 0 0 0 0 0 1 0 0
738 1 0 0 0 0 0 0 0 0
740 1 0 0 0 0 0 1 1 1
744 2 1 1 1 1 1 0 0 0
745 1 0 0 0 0 0 0 0 0
746 11 1 1 1 0 0 0 0 0
747 8 0 0 4 0 0 0 0 0
748 8 0 0 4 0 0 0 0 0
752 3 0 0 0 0 0 1 0 0
754 1 0 0 0 0 0 0 0 0
756 3 0 0 0 0 0 0 0 0
759 1 1 1 0 0 0 1 0 0
766 2 0 0 0 0 0 1 0 0
767 2 0 0 0 0 0 0 0 0
773 2 1 1 1 0 0 1 0 0
781 7 0 0 0 0 0 2 0 0
785 1 1 1 0 0 0 1 0 0
787 1 0 0 0 0 0 0 0 0
788 2 0 0 2 0 0 0 0 0
fn=map_doit
625 2 1 1 0 0 0 1 0 0
627 8 1 1 3 0 0 2 0 0
629 2 0 0 2 0 0 0 0 0
fn=rtld_lock_default_lock_recursive
838 10 1 1 10 2 1 0 0 0
fn=rtld_lock_default_unlock_recursive
844 10 2 2 10 1 0 0 0 0
fn=security_init
851 2 0 0 0 0 0 1 0 0
853 1 0 0 1 0 0 0 0 0
855 1 0 0 0 0 0 1 0 0
861 2 0 0 1 0 0 0 0 0
863 1 0 0 1 0 0 0 0 0
866 1 1 1 0 0 0 1 0 0
868 1 0 0 0 0 0 1 0 0
874 1 0 0 0 0 0 1 0 0
875 3 0 0 2 0 0 0 0 0
fn=version_check_doit
657 2 1 1 0 0 0 1 0 0
659 6 0 0 2 0 0 1 0 0
663 2 0 0 2 0 0 0 0 0
fl=/build/eglibc-3GlaMS/eglibc-2.19/elf/setup-vdso.h
fn=dl_main
24 2 0 0 1 0 0 0 0 0
fl=/build/eglibc-3GlaMS/eglibc-2.19/io/../sysdeps/unix/syscall-template.S
fn=__open_nocancel
81 5 0 0 1 0 0 0 0 0
fn=__read_nocancel
81 1025 0 0 205 0 0 0 0 0
fn=__write_nocancel
81 5 0 0 1 0 0 0 0 0
fn=access
81 12 1 1 0 0 0 0 0 0
83 15 1 1 3 0 0 3 1 1
fn=close
81 12 1 1 0 0 0 0 0 0
82 3 0 0 3 0 0 0 0 0
fn=open
81 30 2 2 1 0 0 0 0 0
82 3 0 0 3 0 0 0 0 0
83 20 0 0 4 0 0 4 0 0
fn=read
81 418 1 1 205 0 0 0 0 0
82 2 0 0 2 0 0 0 0 0
fn=write
81 2 1 1 1 0 0 0 0 0
fl=/build/eglibc-3GlaMS/eglibc-2.19/io/../sysdeps/unix/sysv/linux/wordsize-64/fxstat.c
fn=_fxstat
33 4 0 0 0 0 0 0 0 0
34 8 2 2 0 0 0 0 0 0
35 24 0 0 0 0 0 0 0 0
39 4 0 0 4 0 0 0 0 0
fl=/build/eglibc-3GlaMS/eglibc-2.19/io/../sysdeps/unix/sysv/linux/wordsize-64/xstat.c
fn=_xstat
33 4 0 0 0 0 0 0 0 0
34 8 1 1 0 0 0 0 0 0
35 36 0 0 3 0 0 3 0 0
39 1 0 0 1 0 0 0 0 0
fl=/build/eglibc-3GlaMS/eglibc-2.19/libio/filedoalloc.c
fn=_IO_file_doallocate
96 5 1 1 0 0 0 3 1 0
111 8 1 1 3 0 0 1 1 0
113 4 0 0 1 0 0 0 0 0
124 6 1 1 1 1 0 0 0 0
128 8 0 0 0 0 0 1 0 0
129 5 1 1 0 0 0 1 0 0
130 1 0 0 0 0 0 0 0 0
131 5 0 0 4 0 0 0 0 0
fl=/build/eglibc-3GlaMS/eglibc-2.19/libio/fileops.c
fn=_IO_do_write@@GLIBC_2.2.5
509 6 1 1 0 0 0 4 0 0
511 3 0 0 0 0 0 0 0 0
512 6 0 0 5 0 0 0 0 0
fn=_IO_file_fopen@@GLIBC_2.2.5
224 2 1 1 0 0 0 0 0 0
225 2 0 0 0 0 0 0 0 0
228 2 0 0 0 0 0 1 0 0
232 2 0 0 0 0 0 0 0 0
234 1 0 0 0 0 0 1 0 0
235 4 0 0 1 0 0 1 0 0
236 3 0 0 0 0 0 0 0 0
243 2 1 1 0 0 0 1 0 0
254 9 1 1 0 0 0 6 0 0
255 3 0 0 0 0 0 0 0 0
265 2 0 0 1 0 0 0 0 0
267 5 1 1 1 1 0 0 0 0
270 1 0 0 0 0 0 0 0 0
271 1 1 1 0 0 0 0 0 0
275 2 1 1 1 0 0 0 0 0
292 12 1 1 1 0 0 0 0 0
333 1 0 0 0 0 0 0 0 0
353 4 0 0 0 0 0 1 0 0
354 3 0 0 0 0 0 0 0 0
431 8 0 0 7 0 0 0 0 0
fn=_IO_file_init@@GLIBC_2.2.5
143 4 1 1 0 0 0 2 0 0
147 2 0 0 0 0 0 1 0 0
148 1 0 0 1 0 0 0 0 0
150 1 0 0 0 0 0 1 0 0
151 1 0 0 0 0 0 1 0 0
152 4 0 0 3 0 0 0 0 0
fn=_IO_file_overflow@@GLIBC_2.2.5
824 4 1 1 0 0 0 3 0 0
825 3 0 0 1 0 0 0 0 0
832 3 0 0 0 0 0 0 0 0
835 2 1 1 1 0 0 0 0 0
837 2 1 1 0 0 0 1 0 0
838 6 0 0 2 0 0 3 0 0
847 2 1 1 0 0 0 0 0 0
856 4 0 0 2 0 0 0 0 0
858 1 0 0 0 0 0 1 0 0
859 2 0 0 0 0 0 1 0 0
860 1 0 0 0 0 0 1 0 0
861 2 0 0 0 0 0 2 0 0
863 3 1 1 0 0 0 1 0 0
864 5 0 0 1 0 0 0 0 0
865 2 0 0 0 0 0 1 0 0
867 2 0 0 0 0 0 0 0 0
868 2 1 1 0 0 0 0 0 0
869 1 0 0 0 0 0 0 0 0
880 3 0 0 3 0 0 0 0 0
fn=_IO_file_read
1204 820 1 1 410 0 0 0 0 0
fn=_IO_file_stat
1222 1 1 1 0 0 0 0 0 0
1223 3 0 0 1 0 0 0 0 0
fn=_IO_file_underflow@@GLIBC_2.2.5
552 820 1 1 0 0 0 410 19 0
560 615 1 1 205 0 0 0 0 0
566 615 0 0 410 0 0 0 0 0
569 410 0 0 205 0 0 0 0 0
572 3 2 2 1 0 0 0 0 0
577 4 0 0 1 0 0 1 0 0
582 410 0 0 0 0 0 0 0 0
602 410 1 1 0 0 0 205 0 0
608 615 0 0 205 0 0 410 0 0
609 205 0 0 0 0 0 205 0 0
610 410 0 0 0 0 0 410 0 0
611 205 0 0 0 0 0 205 0 0
613 1025 1 1 615 0 0 205 0 0
615 410 0 0 0 0 0 0 0 0
622 205 0 0 205 0 0 0 0 0
625 615 0 0 205 0 0 0 0 0
627 410 0 0 410 1 0 0 0 0
628 820 0 0 615 0 0 0 0 0
fn=_IO_file_write@@GLIBC_2.2.5
1254 7 1 1 0 0 0 4 0 0
1256 7 0 0 0 0 0 0 0 0
1260 3 0 0 1 0 0 0 0 0
1261 3 1 1 1 0 0 1 0 0
1262 2 0 0 0 0 0 0 0 0
1267 1 0 0 0 0 0 0 0 0
1268 1 0 0 0 0 0 0 0 0
1271 3 0 0 1 0 0 0 0 0
1274 9 1 1 5 0 0 0 0 0
fn=_IO_file_xsputn@@GLIBC_2.2.5
523 2 2 2 1 0 0 0 0 0
530 4 2 2 2 0 0 0 0 0
538 6 0 0 2 1 1 1 0 0
539 3 0 0 1 0 0 0 0 0
541 4 0 0 1 0 0 3 0 0
542 2 0 0 0 0 0 2 0 0
543 1 0 0 0 0 0 1 0 0
544 2 0 0 1 0 0 0 0 0
545 3 0 0 1 0 0 0 0 0
1281 8 1 1 0 0 0 6 0 0
1287 2 0 0 0 0 0 0 0 0
1288 1 0 0 0 0 0 0 0 0
1294 6 0 0 1 0 0 0 0 0
1311 6 1 1 2 0 0 0 0 0
1328 3 0 0 0 0 0 0 0 0
1332 6 0 0 2 1 1 1 0 0
1338 2 0 0 2 0 0 0 0 0
1339 3 0 0 0 0 0 0 0 0
1341 3 1 1 0 0 0 0 0 0
1344 1 0 0 0 0 0 0 0 0
1345 2 0 0 0 0 0 0 0 0
1352 2 0 0 0 0 0 0 0 0
1355 2 1 1 0 0 0 0 0 0
1356 8 0 0 7 0 0 0 0 0
fl=/build/eglibc-3GlaMS/eglibc-2.19/libio/genops.c
fn=_IO_cleanup
950 16 2 2 5 0 0 0 0 0
952 12 0 0 4 0 0 0 0 0
953 6 0 0 0 0 0 0 0 0
954 3 0 0 0 0 0 0 0 0
956 3 0 0 1 0 0 0 0 0
962 1 0 0 1 0 0 0 0 0
990 4 1 1 0 0 0 4 0 0
1010 5 1 1 0 0 0 4 0 0
1013 3 0 0 0 0 0 1 0 0
1025 7 0 0 5 0 0 0 0 0
fn=_IO_default_uflow
434 410 0 0 0 0 0 205 0 0
435 410 1 1 410 0 0 205 0 0
436 410 0 0 0 0 0 0 0 0
438 820 1 1 410 0 0 205 0 0
439 410 0 0 410 0 0 0 0 0
fn=_IO_default_xsputn
447 12 0 0 0 0 0 10 0 0
450 12 0 0 0 0 0 0 0 0
451 2 0 0 0 0 0 0 0 0
455 8 1 1 4 0 0 0 0 0
457 6 0 0 0 0 0 0 0 0
460 4 0 0 0 0 0 0 0 0
470 24 1 1 0 0 0 0 0 0
474 7 0 0 0 0 0 0 0 0
475 16 1 1 3 0 0 5 1 1
478 2 0 0 0 0 0 0 0 0
480 4 0 0 0 0 0 0 0 0
484 4 1 1 0 0 0 0 0 0
485 12 0 0 12 0 0 0 0 0
fn=_IO_doallocbuf
402 1 0 0 0 0 0 1 0 0
403 1 0 0 0 0 0 1 0 0
407 2 0 0 0 0 0 1 0 0
414 8 2 1 0 0 0 6 1 1
415 4 0 0 2 0 0 0 0 0
417 9 2 1 3 0 0 0 0 0
418 5 0 0 2 1 0 1 0 0
420 3 1 1 0 0 0 0 0 0
421 8 0 0 8 0 0 0 0 0
fn=_IO_flush_all_lockp
822 8 1 1 0 0 0 6 0 0
823 1 0 0 0 0 0 0 0 0
828 3 0 0 0 0 0 0 0 0
833 1 0 0 1 1 1 0 0 0
834 1 1 1 1 1 1 0 0 0
835 10 0 0 0 0 0 0 0 0
837 4 0 0 0 0 0 4 0 0
838 8 1 1 0 0 0 0 0 0
839 2 0 0 1 0 0 0 0 0
841 28 2 2 12 6 6 0 0 0
851 8 1 1 0 0 0 0 0 0
853 4 1 1 0 0 0 4 0 0
855 12 1 1 4 0 0 0 0 0
862 4 0 0 4 3 3 0 0 0
866 2 0 0 0 0 0 0 0 0
868 2 0 0 0 0 0 0 0 0
872 9 0 0 7 0 0 0 0 0
fn=_IO_link_in
99 8 1 1 0 0 0 4 0 0
100 6 1 1 2 0 0 0 0 0
102 2 0 0 0 0 0 1 0 0
104 6 0 0 1 0 0 2 0 0
105 13 2 2 5 1 1 2 0 0
106 1 0 0 0 0 0 1 1 1
107 18 1 1 10 0 0 1 0 0
109 2 1 1 1 1 0 1 0 0
110 1 0 0 0 0 0 1 0 0
111 1 0 0 1 0 0 0 0 0
113 15 2 2 5 0 0 2 0 0
114 1 0 0 0 0 0 1 0 0
115 9 1 1 2 0 0 2 0 0
116 2 0 0 0 0 0 0 0 0
119 8 0 0 6 0 0 0 0 0
fn=_IO_no_init
643 9 1 1 0 0 0 4 0 0
644 1 0 0 0 0 0 1 0 0
645 1 1 1 0 0 0 1 0 0
647 2 0 0 0 0 0 0 0 0
649 1 0 0 0 0 0 1 0 0
650 1 0 0 0 0 0 1 1 1
651 1 0 0 0 0 0 1 0 0
652 1 0 0 0 0 0 1 0 0
653 1 0 0 0 0 0 1 0 0
654 1 0 0 0 0 0 1 0 0
655 1 1 1 0 0 0 1 0 0
656 1 0 0 0 0 0 1 0 0
657 1 0 0 0 0 0 1 0 0
658 1 0 0 0 0 0 1 1 1
659 1 0 0 0 0 0 1 0 0
660 1 0 0 0 0 0 1 0 0
662 1 0 0 0 0 0 1 0 0
669 1 0 0 0 0 0 1 0 0
670 6 1 1 5 0 0 0 0 0
fn=_IO_old_init
610 2 0 0 0 0 0 1 0 0
611 1 0 0 0 0 0 1 0 0
612 1 0 0 0 0 0 1 1 1
613 1 0 0 0 0 0 1 0 0
614 1 0 0 0 0 0 1 0 0
615 1 0 0 0 0 0 1 0 0
616 1 0 0 0 0 0 1 0 0
617 1 1 1 0 0 0 1 0 0
618 1 0 0 0 0 0 1 0 0
619 1 0 0 0 0 0 1 0 0
620 1 0 0 0 0 0 1 0 0
622 1 0 0 0 0 0 1 0 0
623 1 0 0 0 0 0 1 0 0
624 1 0 0 0 0 0 1 0 0
625 1 0 0 0 0 0 1 0 0
626 2 2 2 0 0 0 1 0 0
631 3 0 0 1 0 0 0 0 0
632 4 0 0 1 0 0 3 1 1
fn=_IO_setb
399 5 1 1 0 0 0 2 0 0
400 4 0 0 2 0 0 0 0 0
402 1 0 0 0 0 0 1 0 0
403 1 0 0 0 0 0 1 0 0
405 6 0 0 0 0 0 1 0 0
408 4 0 0 3 0 0 0 0 0
fn=_IO_sputbackc
726 842332 1 1 0 0 0 421166 0 0
729 1263498 0 0 842332 0 0 0 0 0
730 842332 0 0 421166 0 0 0 0 0
732 1263498 1 1 0 0 0 421166 0 0
733 421166 0 0 0 0 0 0 0 0
739 421166 0 0 421166 0 0 0 0 0
742 842332 0 0 842332 0 0 0 0 0
fn=_IO_switch_to_get_mode
182 410 0 0 0 0 0 205 0 0
183 615 1 1 410 0 0 0 0 0
186 615 1 1 205 0 0 0 0 0
190 410 0 0 205 0 0 205 0 0
191 410 0 0 205 0 0 0 0 0
194 205 0 0 0 0 0 205 0 0
196 410 0 0 0 0 0 410 0 0
198 410 0 0 0 0 0 205 0 0
199 205 0 0 0 0 0 0 0 0
200 410 0 0 410 0 0 0 0 0
fn=__uflow
363 410 1 1 0 0 0 205 0 0
365 1025 1 1 205 0 0 0 0 0
371 1025 1 1 615 0 0 0 0 0
374 410 0 0 0 0 0 0 0 0
376 410 0 0 0 0 0 0 0 0
382 410 0 0 205 0 0 0 0 0
387 615 2 2 205 0 0 0 0 0
389 820 0 0 410 1 0 0 0 0
390 205 0 0 205 0 0 0 0 0
fl=/build/eglibc-3GlaMS/eglibc-2.19/libio/iofopen.c
fn=__fopen_internal
65 8 1 1 0 0 0 4 0 0
73 3 1 1 0 0 0 1 0 0
75 2 0 0 0 0 0 0 0 0
78 2 0 0 0 0 0 1 1 1
81 6 0 0 0 0 0 1 0 0
85 2 1 1 0 0 0 1 0 0
86 2 0 0 0 0 0 1 0 0
90 7 0 0 0 0 0 1 0 0
91 2 0 0 0 0 0 0 0 0
96 5 0 0 4 1 0 0 0 0
fn=__fopen_maybe_mmap
40 1 0 0 0 0 0 0 0 0
42 2 1 1 1 0 0 0 0 0
57 1 0 0 1 0 0 0 0 0
fn=fopen@@GLIBC_2.2.5
103 2 1 1 0 0 0 0 0 0
fl=/build/eglibc-3GlaMS/eglibc-2.19/malloc/arena.c
fn=malloc_hook_ini
373 3 1 1 1 1 1 0 0 0
fn=memalign_hook_ini
373 3 0 0 1 1 0 0 0 0
fn=ptmalloc_init.part.7
334 195 0 0 65 9 0 0 0 0
336 128 0 0 64 32 0 0 0 0
337 2 0 0 1 0 0 0 0 0
338 2 0 0 1 0 0 0 0 0
352 64 0 0 0 0 0 0 0 0
371 6 1 1 0 0 0 5 0 0
376 1 0 0 0 0 0 1 0 0
384 2 0 0 1 0 0 0 0 0
385 7 2 2 0 0 0 1 0 0
386 4 0 0 2 0 0 0 0 0
391 3 1 1 1 1 0 1 1 0
392 12 1 1 1 1 0 6 2 2
394 5 0 0 2 1 0 0 0 0
410 2 1 1 0 0 0 0 0 0
455 2 0 0 0 0 0 0 0 0
461 2 0 0 2 1 1 0 0 0
462 2 0 0 0 0 0 0 0 0
464 1 0 0 0 0 0 1 1 0
465 7 0 0 6 1 0 0 0 0
fl=/build/eglibc-3GlaMS/eglibc-2.19/malloc/hooks.c
fn=malloc_hook_ini
29 4 0 0 1 0 0 2 0 0
30 2 1 1 1 0 0 1 0 0
32 1 0 0 0 0 0 0 0 0
33 1 0 0 0 0 0 0 0 0
fn=memalign_hook_ini
46 1 1 1 0 0 0 0 0 0
47 2 0 0 1 0 0 1 0 0
50 1 0 0 0 0 0 0 0 0
fl=/build/eglibc-3GlaMS/eglibc-2.19/malloc/malloc.c
fn=_int_malloc
1862 48921 0 0 16307 1 1 0 0 0
2271 60 0 0 24 11 0 24 0 0
2272 20 1 1 0 0 0 0 0 0
2282 30 0 0 16 10 1 0 0 0
2297 10 0 0 4 0 0 0 0 0
2303 4 0 0 0 0 0 0 0 0
2305 16 1 1 0 0 0 4 0 0
2307 6 0 0 2 0 0 0 0 0
2322 6 0 0 0 0 0 0 0 0
2337 6 0 0 0 0 0 2 2 2
2342 6 1 1 4 0 0 0 0 0
2343 10 0 0 4 0 0 0 0 0
2346 6 0 0 4 0 0 0 0 0
2347 10 1 1 4 0 0 0 0 0
2360 10 0 0 0 0 0 0 0 0
2369 76 2 2 9 0 0 0 0 0
2375 18 0 0 9 0 0 0 0 0
2378 30 1 1 0 0 0 0 0 0
2433 20 1 1 10 0 0 0 0 0
2442 50 0 0 10 0 0 0 0 0
2452 90 1 1 10 0 0 20 0 0
2460 20 0 0 0 0 0 0 0 0
2462 60 0 0 30 10 0 20 0 0
2466 50 0 0 20 0 0 0 0 0
2469 20 1 1 20 9 0 0 0 0
2470 20 0 0 0 0 0 0 0 0
2489 10 0 0 0 0 0 0 0 0
2516 20 0 0 10 10 1 0 0 0
2517 1 0 0 0 0 0 1 0 0
2518 30 0 0 10 0 0 10 0 0
2524 38 2 1 0 0 0 0 0 0
2525 54 0 0 9 0 0 9 0 0
2527 8 3 3 1 0 0 0 0 0
2569 6 2 2 0 0 0 0 0 0
2588 1 0 0 0 0 0 0 0 0
2591 2 0 0 0 0 0 0 0 0
2592 7 1 1 2 0 0 0 0 0
2594 2 0 0 0 0 0 0 0 0
2595 4 0 0 2 0 0 2 0 0
2607 3 0 0 1 0 0 0 0 0
2615 2 1 1 2 0 0 0 0 0
2616 3 0 0 1 0 0 0 0 0
2654 1 0 0 0 0 0 1 0 0
2655 5 0 0 0 0 0 1 1 1
2656 2 0 0 0 0 0 1 0 0
2667 2 1 1 0 0 0 0 0 0
2700 20 1 1 10 0 0 0 0 0
2701 10 1 1 0 0 0 10 0 0
2706 20 0 0 10 0 0 0 0 0
2709 20 0 0 10 0 0 0 0 0
2711 10 0 0 0 0 0 0 0 0
2712 10 0 0 0 0 0 0 0 0
2713 10 0 0 0 0 0 10 0 0
2714 80 0 0 0 0 0 10 0 0
2715 20 0 0 0 0 0 10 10 10
2717 10 0 0 0 0 0 0 0 0
3302 130456 1 1 0 0 0 114149 1 0
3332 163070 0 0 0 0 0 0 0 0
3340 32614 1 1 16307 1 1 0 0 0
3342 44037 0 0 0 0 0 0 0 0
3343 44037 0 0 0 0 0 0 0 0
3344 14679 0 0 14679 0 0 0 0 0
3348 29358 0 0 0 0 0 0 0 0
3377 32614 2 2 0 0 0 0 0 0
3379 32584 0 0 0 0 0 0 0 0
3380 32584 0 0 0 0 0 0 0 0
3382 48876 0 0 16292 60 1 0 0 0
3384 2 0 0 0 0 0 0 0 0
3421 202 5 5 0 0 0 0 0 0
3422 30 0 0 15 0 0 0 0 0
3423 4 1 1 1 0 0 2 0 0
3442 81535 1 1 16307 0 0 0 0 0
3576 32614 1 1 0 0 0 0 0 0
3578 30 1 1 0 0 0 0 0 0
3581 45 0 0 15 13 0 0 0 0
3649 16307 0 0 0 0 0 0 0 0
3650 32614 0 0 0 0 0 0 0 0
3651 32614 0 0 0 0 0 0 0 0
3652 32614 0 0 16307 0 0 0 0 0
3653 32614 0 0 0 0 0 0 0 0
3658 97842 1 1 0 0 0 0 0 0
3662 179235 1 1 0 0 0 0 0 0
3665 195456 0 0 48864 1 0 0 0 0
3765 16307 0 0 16307 0 0 0 0 0
3766 48921 0 0 16307 0 0 0 0 0
3768 48921 1 1 0 0 0 0 0 0
3770 16295 0 0 0 0 0 0 0 0
3771 16295 0 0 0 0 0 0 0 0
3772 16295 0 0 0 0 0 16295 0 0
3773 130360 2 2 0 0 0 16295 0 0
3775 32590 0 0 0 0 0 16295 11246 11246
3778 16295 0 0 0 0 0 0 0 0
3785 24 0 0 12 0 0 0 0 0
3790 65228 0 0 0 0 0 16307 0 0
3792 407675 1 1 0 0 0 163070 0 0
3801 24 0 0 0 0 0 0 0 0
3806 146763 1 1 114149 0 0 0 0 0
4990 65228 0 0 0 0 0 32614 0 0
4992 48921 2 2 16307 0 0 16307 0 0
5000 12 1 1 0 0 0 12 0 0
fn=_int_memalign
4379 12 0 0 0 0 0 10 0 0
4393 18 1 1 0 0 0 0 0 0
4403 6 1 1 0 0 0 2 0 0
4405 4 0 0 0 0 0 0 0 0
4408 2 0 0 0 0 0 0 0 0
4410 8 0 0 0 0 0 0 0 0
4419 10 0 0 0 0 0 0 0 0
4421 4 0 0 0 0 0 0 0 0
4422 6 1 1 0 0 0 0 0 0
4425 4 0 0 0 0 0 0 0 0
4426 8 0 0 2 0 0 0 0 0
4429 4 0 0 0 0 0 0 0 0
4431 4 1 1 2 0 0 2 0 0
4432 4 0 0 0 0 0 2 0 0
4433 2 0 0 0 0 0 0 0 0
4465 12 0 0 12 0 0 0 0 0
fn=_mid_memalign
3060 15 1 1 0 0 0 9 0 0
3065 6 0 0 6 1 0 0 0 0
3066 6 0 0 0 0 0 0 0 0
3067 1 0 0 0 0 0 0 0 0
3070 4 0 0 0 0 0 0 0 0
3074 4 1 1 0 0 0 0 0 0
3079 10 0 0 0 0 0 0 0 0
3086 4 0 0 0 0 0 0 0 0
3094 6 0 0 0 0 0 0 0 0
3102 20 2 2 8 0 0 0 0 0
3106 10 0 0 0 0 0 2 0 0
3107 4 0 0 0 0 0 0 0 0
3118 8 0 0 4 0 0 0 0 0
3119 8 1 1 2 0 0 0 0 0
3122 11 1 1 11 0 0 0 0 0
fn=malloc
2876 65224 1 1 0 0 0 32612 0 0
2881 32612 0 0 32612 3 0 0 0 0
2882 32612 0 0 0 0 0 0 0 0
2883 2 1 1 1 0 0 0 0 0
2885 32610 0 0 32610 0 0 0 0 0
2887 130440 1 1 32610 1 0 0 0 0
2891 65220 0 0 0 0 0 16305 0 0
2892 32610 0 0 0 0 0 0 0 0
2903 65220 1 1 32610 0 0 0 0 0
2904 130440 0 0 16305 0 0 0 0 0
2907 81528 1 1 48918 0 0 0 0 0
fn=malloc_consolidate
1785 381 0 0 0 0 0 0 0 0
1788 381 0 0 0 0 0 254 31 31
1792 3 1 1 0 0 0 0 0 0
1796 3 1 1 1 0 0 1 0 0
1797 2 0 0 0 0 0 1 0 0
1799 1 0 0 0 0 0 1 1 1
4104 8 1 1 0 0 0 6 1 0
4126 5 0 0 1 0 0 0 0 0
4199 8 0 0 7 0 0 0 0 0
4996 1 1 1 0 0 0 0 0 0
fn=memalign_hook_ini
3055 2 0 0 1 0 0 0 0 0
fn=posix_memalign
5006 4 0 0 0 0 0 2 0 0
5011 4 1 1 0 0 0 0 0 0
5012 12 1 1 0 0 0 0 0 0
5013 4 0 0 0 0 0 0 0 0
5014 2 0 0 0 0 0 0 0 0
5018 8 0 0 2 0 0 2 0 0
5020 4 0 0 0 0 0 0 0 0
5022 2 0 0 0 0 0 2 1 0
5023 2 0 0 0 0 0 0 0 0
5026 2 0 0 0 0 0 0 0 0
5027 8 0 0 4 0 0 0 0 0
fl=/build/eglibc-3GlaMS/eglibc-2.19/malloc/morecore.c
fn=__default_morecore
46 11 1 1 0 0 0 0 0 0
47 11 0 0 0 0 0 11 0 0
49 33 0 0 0 0 0 0 0 0
52 33 0 0 11 0 0 0 0 0
fl=/build/eglibc-3GlaMS/eglibc-2.19/math/../sysdeps/ieee754/dbl-64/wordsize-64/s_isinf.c
fn=isinf
19 1 0 0 0 0 0 0 0 0
20 2 1 1 0 0 0 0 0 0
21 2 0 0 0 0 0 0 0 0
22 3 0 0 0 0 0 0 0 0
23 4 0 0 0 0 0 0 0 0
24 1 0 0 1 0 0 0 0 0
fl=/build/eglibc-3GlaMS/eglibc-2.19/math/../sysdeps/ieee754/dbl-64/wordsize-64/s_isnan.c
fn=isnan
26 1 0 0 0 0 0 0 0 0
27 2 2 2 0 0 0 0 0 0
28 2 0 0 0 0 0 0 0 0
29 1 0 0 0 0 0 0 0 0
30 1 0 0 1 0 0 0 0 0
fl=/build/eglibc-3GlaMS/eglibc-2.19/misc/../sysdeps/unix/syscall-template.S
fn=mmap
81 60 2 2 0 0 0 0 0 0
82 12 0 0 12 0 0 0 0 0
fn=mprotect
81 24 1 1 0 0 0 0 0 0
82 6 0 0 6 0 0 0 0 0
fn=munmap
81 4 0 0 0 0 0 0 0 0
82 1 0 0 1 0 0 0 0 0
fl=/build/eglibc-3GlaMS/eglibc-2.19/misc/../sysdeps/unix/sysv/linux/x86_64/brk.c
fn=brk
28 11 0 0 0 0 0 0 0 0
31 88 1 1 11 0 0 11 0 0
33 22 0 0 0 0 0 0 0 0
39 11 0 0 0 0 0 0 0 0
40 11 0 0 11 0 0 0 0 0
fl=/build/eglibc-3GlaMS/eglibc-2.19/misc/init-misc.c
fn=__init_misc
30 4 1 1 0 0 0 2 0 0
31 5 0 0 1 0 0 0 0 0
33 3 0 0 0 0 0 1 0 0
37 5 0 0 1 1 0 1 1 0
38 3 1 1 2 0 0 1 0 0
40 4 0 0 3 0 0 0 0 0
fl=/build/eglibc-3GlaMS/eglibc-2.19/misc/sbrk.c
fn=sbrk
34 44 1 1 0 0 0 33 9 0
42 74 0 0 32 30 1 0 0 0
43 6 1 1 1 0 0 1 0 0
46 22 0 0 0 0 0 0 0 0
50 40 0 0 0 0 0 0 0 0
53 30 0 0 0 0 0 10 0 0
57 55 0 0 44 0 0 0 0 0
fl=/build/eglibc-3GlaMS/eglibc-2.19/nptl/../nptl/sysdeps/unix/sysv/linux/register-atfork.c
fn=__linkin_atfork
116 2 1 1 1 1 1 1 0 0
117 6 1 1 2 1 0 0 0 0
119 1 0 0 1 0 0 0 0 0
fl=/build/eglibc-3GlaMS/eglibc-2.19/nptl/../nptl/sysdeps/unix/sysv/linux/unregister-atfork.c
fn=__unregister_atfork
28 2 0 0 0 0 0 1 0 0
36 1 1 1 1 1 1 0 0 0
39 4 1 1 0 0 0 0 0 0
40 3 0 0 1 1 1 0 0 0
45 1 0 0 1 1 1 0 0 0
121 2 0 0 2 0 0 0 0 0
fl=/build/eglibc-3GlaMS/eglibc-2.19/posix/../sysdeps/unix/syscall-template.S
fn=uname
81 4 1 1 0 0 0 0 0 0
82 1 0 0 1 0 0 0 0 0
fl=/build/eglibc-3GlaMS/eglibc-2.19/posix/../sysdeps/unix/sysv/linux/_exit.c
fn=_Exit
28 2 1 1 1 0 0 0 0 0
32 4 1 1 0 0 0 0 0 0
34 2 0 0 0 0 0 0 0 0
fl=/build/eglibc-3GlaMS/eglibc-2.19/setjmp/../sysdeps/x86_64/bsd-_setjmp.S
fn=_setjmp
30 1 1 1 0 0 0 0 0 0
32 1 0 0 0 0 0 0 0 0
fl=/build/eglibc-3GlaMS/eglibc-2.19/setjmp/../sysdeps/x86_64/setjmp.S
fn=__sigsetjmp
26 4 2 2 0 0 0 4 0 0
35 4 0 0 0 0 0 0 0 0
36 8 1 1 4 0 0 0 0 0
37 4 0 0 0 0 0 4 0 0
41 4 0 0 0 0 0 4 0 0
42 4 0 0 0 0 0 4 0 0
43 4 0 0 0 0 0 4 0 0
44 4 0 0 0 0 0 4 0 0
45 4 0 0 0 0 0 0 0 0
47 8 0 0 4 0 0 0 0 0
49 4 0 0 0 0 0 4 0 0
50 4 1 1 4 0 0 0 0 0
53 8 0 0 4 0 0 0 0 0
55 4 0 0 0 0 0 4 1 1
59 3 0 0 0 0 0 0 0 0
60 3 0 0 3 0 0 0 0 0
64 1 0 0 0 0 0 0 0 0
fl=/build/eglibc-3GlaMS/eglibc-2.19/setjmp/sigjmp.c
fn=__sigjmp_save
28 2 0 0 0 0 0 1 0 0
29 4 0 0 0 0 0 1 0 0
34 3 0 0 2 0 0 0 0 0
fl=/build/eglibc-3GlaMS/eglibc-2.19/stdio-common/../include/rounding-mode.h
fn=__printf_fp
52 3 1 1 0 0 0 0 0 0
fl=/build/eglibc-3GlaMS/eglibc-2.19/stdio-common/../libio/libioP.h
fn=__isoc99_fscanf
913 202411 0 0 202411 0 0 0 0 0
914 404822 0 0 202411 0 0 0 0 0
915 1619288 1 1 809644 0 0 202411 0 0
fl=/build/eglibc-3GlaMS/eglibc-2.19/stdio-common/../nptl/sysdeps/pthread/allocalim.h
fn=_IO_vfscanf
28 606534 0 0 0 0 0 0 0 0
fn=__printf_fp
28 2 0 0 0 0 0 0 0 0
fl=/build/eglibc-3GlaMS/eglibc-2.19/stdio-common/../sysdeps/generic/get-rounding-mode.h
fn=__printf_fp
93 1 1 1 0 0 0 1 0 0
94 7 1 1 1 0 0 0 0 0
fl=/build/eglibc-3GlaMS/eglibc-2.19/stdio-common/isoc99_fscanf.c
fn=__isoc99_fscanf
26 2024110 3 3 0 0 0 1012055 0 0
30 3238576 1 1 1821699 0 0 202411 0 0
31 202411 0 0 202411 0 0 0 0 0
33 1214466 1 1 0 0 0 809644 0 0
34 1214466 0 0 0 0 0 202411 0 0
39 809644 0 0 404822 0 0 0 0 0
fl=/build/eglibc-3GlaMS/eglibc-2.19/stdio-common/printf-parse.h
fn=vfprintf
108 8 1 1 0 0 0 4 2 2
fl=/build/eglibc-3GlaMS/eglibc-2.19/stdio-common/printf_fp.c
fn=__printf_fp
161 10 1 1 0 0 0 6 0 0
175 1 0 0 0 0 0 1 0 0
176 1 1 1 0 0 0 1 1 1
194 1 1 1 0 0 0 1 1 1
196 1 0 0 0 0 0 1 1 1
208 1 1 1 0 0 0 0 0 0
215 6 0 0 1 0 0 1 0 0
274 2 0 0 0 0 0 0 0 0
276 6 0 0 4 3 1 2 1 1
277 2 0 0 1 0 0 1 0 0
300 3 1 1 1 0 0 0 0 0
342 1 1 1 0 0 0 1 0 0
349 2 0 0 0 0 0 0 0 0
351 1 0 0 1 0 0 0 0 0
396 3 1 1 1 0 0 1 0 0
400 3 0 0 0 0 0 1 1 1
415 5 1 1 1 0 0 1 0 0
431 10 2 2 1 0 0 3 0 0
435 4 0 0 0 0 0 0 0 0
471 7 1 1 1 0 0 0 0 0
472 1 0 0 0 0 0 0 0 0
473 1 0 0 0 0 0 0 0 0
474 1 0 0 0 0 0 0 0 0
475 6 0 0 0 0 0 1 0 0
476 4 1 1 0 0 0 1 0 0
477 4 0 0 0 0 0 1 0 0
483 1 0 0 0 0 0 1 0 0
484 2 0 0 0 0 0 0 0 0
493 3 0 0 0 0 0 0 0 0
501 9 1 1 0 0 0 1 1 1
503 6 1 1 0 0 0 0 0 0
504 10 0 0 2 0 0 1 0 0
505 12 2 2 0 0 0 2 0 0
506 6 1 1 2 0 0 2 0 0
508 2 1 1 0 0 0 0 0 0
513 13 1 1 0 0 0 0 0 0
517 65 0 0 13 5 5 0 0 0
519 4 0 0 0 0 0 0 0 0
542 1 0 0 1 0 0 0 0 0
543 6 0 0 2 0 0 1 0 0
549 7 1 1 3 0 0 1 0 0
551 1 0 0 1 0 0 0 0 0
553 7 0 0 2 0 0 0 0 0
558 19 0 0 7 0 0 2 0 0
561 5 0 0 2 0 0 2 0 0
562 4 1 1 3 0 0 0 0 0
563 4 0 0 0 0 0 0 0 0
564 5 0 0 1 0 0 0 0 0
567 13 0 0 0 0 0 0 0 0
569 51 0 0 12 0 0 0 0 0
570 2 0 0 1 0 0 1 0 0
576 5 1 1 1 0 0 0 0 0
580 11 1 1 4 0 0 0 0 0
584 3 1 1 1 0 0 0 0 0
586 2 0 0 0 0 0 0 0 0
612 2 1 1 1 0 0 0 0 0
615 6 1 1 0 0 0 0 0 0
623 1 1 1 0 0 0 0 0 0
631 7 0 0 0 0 0 2 0 0
633 2 1 1 0 0 0 0 0 0
646 1 0 0 1 0 0 0 0 0
647 7 0 0 3 0 0 1 0 0
650 9 1 1 3 0 0 1 0 0
828 2 0 0 1 0 0 1 0 0
837 1 0 0 0 0 0 1 0 0
838 6 0 0 4 3 3 1 0 0
840 2 1 1 0 0 0 0 0 0
850 2 0 0 1 0 0 0 0 0
852 1 0 0 0 0 0 1 0 0
853 9 3 3 2 0 0 3 0 0
854 1 0 0 0 0 0 1 0 0
855 1 0 0 0 0 0 1 0 0
856 3 0 0 1 0 0 0 0 0
858 3 0 0 1 0 0 1 0 0
860 2 0 0 0 0 0 1 0 0
898 3 1 1 1 0 0 0 0 0
912 6 1 1 1 0 0 0 0 0
913 1 0 0 1 0 0 0 0 0
919 2 1 1 1 0 0 0 0 0
920 1 0 0 0 0 0 1 0 0
921 1 0 0 0 0 0 1 0 0
929 6 1 1 1 0 0 1 0 0
930 2 0 0 1 0 0 0 0 0
933 3 0 0 1 0 0 0 0 0
936 24 2 2 7 0 0 3 0 0
939 12 0 0 0 0 0 6 0 0
941 1 1 1 0 0 0 1 0 0
942 2 0 0 1 0 0 0 0 0
943 3 0 0 1 0 0 0 0 0
945 6 0 0 2 0 0 1 0 0
957 3 0 0 0 0 0 1 0 0
958 18 0 0 7 0 0 7 0 0
959 21 1 1 0 0 0 0 0 0
960 6 1 1 1 0 0 0 0 0
962 6 0 0 0 0 0 0 0 0
963 18 0 0 6 0 0 12 0 0
964 18 1 1 0 0 0 0 0 0
975 3 0 0 2 0 0 0 0 0
976 4 0 0 1 0 0 3 0 0
978 6 1 1 2 0 0 0 0 0
979 1 0 0 0 0 0 0 0 0
995 4 0 0 0 0 0 0 0 0
1000 2 0 0 0 0 0 0 0 0
1005 26 1 1 5 0 0 0 0 0
1007 3 0 0 0 0 0 3 0 0
1008 3 0 0 0 0 0 0 0 0
1010 2 0 0 1 0 0 0 0 0
1012 2 0 0 1 0 0 0 0 0
1014 2 0 0 0 0 0 1 0 0
1025 5 1 1 3 0 0 0 0 0
1036 1 1 1 0 0 0 0 0 0
1094 3 1 1 0 0 0 0 0 0
1101 2 0 0 0 0 0 0 0 0
1104 2 1 1 1 0 0 0 0 0
1117 3 1 1 1 0 0 0 0 0
1163 6 1 1 2 0 0 0 0 0
1165 7 1 1 1 0 0 2 0 0
1167 7 0 0 1 0 0 0 0 0
1170 2 0 0 0 0 0 0 0 0
1172 3 1 1 1 0 0 0 0 0
1174 2 1 1 0 0 0 0 0 0
1175 6 2 2 4 0 0 0 0 0
1177 4 1 1 1 0 0 0 0 0
1186 3 0 0 1 0 0 0 0 0
1192 3 0 0 1 0 0 0 0 0
1196 4 1 1 1 0 0 3 0 0
1198 4 0 0 2 0 0 0 0 0
1199 2 0 0 0 0 0 1 0 0
1203 2 1 1 1 0 0 0 0 0
1204 2 0 0 1 0 0 0 0 0
1205 2 1 1 1 0 0 0 0 0
1216 5 0 0 0 0 0 0 0 0
1217 2 0 0 0 0 0 1 0 0
1223 44 1 1 2 0 0 4 0 0
1224 30 0 0 10 0 0 0 0 0
1225 5 0 0 2 0 0 1 0 0
1226 18 0 0 0 0 0 0 0 0
1229 18 0 0 0 0 0 9 0 0
1232 1 0 0 0 0 0 0 0 0
1233 2 1 1 1 0 0 0 0 0
1250 134 4 4 31 0 0 20 0 0
1253 2 1 1 1 0 0 0 0 0
1260 3 0 0 1 0 0 0 0 0
1264 8 1 1 7 0 0 0 0 0
fn=hack_digit.13629
231 40 1 1 0 0 0 20 0 0
234 30 0 0 10 0 0 0 0 0
236 30 1 1 10 0 0 0 0 0
243 30 0 0 10 0 0 0 0 0
247 60 1 1 30 0 0 10 0 0
248 50 0 0 30 0 0 10 0 0
249 10 0 0 10 0 0 0 0 0
251 10 1 1 0 0 0 10 0 0
252 70 0 0 20 0 0 0 0 0
263 30 0 0 0 0 0 10 0 0
264 20 0 0 0 0 0 0 0 0
265 45 0 0 18 0 0 18 0 0
269 70 1 1 30 0 0 0 0 0
fl=/build/eglibc-3GlaMS/eglibc-2.19/stdio-common/vfprintf.c
fn=buffered_vfprintf
2323 6 1 1 0 0 0 4 0 0
2331 6 1 1 1 0 0 0 0 0
2335 1 0 0 0 0 0 1 1 1
2341 5 2 2 0 0 0 3 1 1
2342 1 0 0 0 0 0 1 0 0
2344 1 0 0 0 0 0 1 1 1
2349 1 0 0 0 0 0 1 1 1
2351 2 0 0 1 0 0 1 0 0
2352 2 0 0 0 0 0 1 0 0
2356 3 0 0 0 0 0 1 1 1
2362 6 1 1 2 1 1 2 0 0
2363 8 1 1 5 0 0 0 0 0
2375 5 0 0 2 0 0 0 0 0
2377 4 1 1 2 1 1 1 0 0
2378 3 0 0 0 0 0 0 0 0
2383 5 0 0 3 0 0 0 0 0
2384 2 0 0 0 0 0 0 0 0
2386 1 0 0 0 0 0 0 0 0
2387 6 0 0 5 0 0 0 0 0
fn=vfprintf
235 22 2 2 0 0 0 12 1 1
240 1 0 0 0 0 0 1 0 0
270 6 0 0 4 2 1 2 2 2
274 1 0 0 0 0 0 1 1 1
277 1 1 1 0 0 0 1 0 0
283 1 0 0 0 0 0 1 0 0
1295 9 1 1 2 1 1 1 0 0
1299 10 1 1 2 0 0 0 0 0
1310 4 0 0 0 0 0 0 0 0
1313 4 1 1 0 0 0 1 1 1
1317 1 0 0 0 0 0 1 0 0
1321 6 0 0 3 0 0 3 1 1
1325 1 0 0 0 0 0 1 0 0
1332 1 0 0 0 0 0 1 0 0
1336 3 0 0 0 0 0 1 0 0
1340 13 2 2 3 1 0 3 0 0
1344 3 1 1 2 0 0 0 0 0
1348 7 0 0 3 2 1 0 0 0
1375 1 0 0 0 0 0 1 0 0
1376 1 0 0 0 0 0 1 0 0
1377 1 1 1 0 0 0 1 0 0
1378 1 0 0 0 0 0 1 0 0
1379 1 0 0 0 0 0 1 1 1
1380 1 0 0 0 0 0 1 0 0
1381 1 0 0 0 0 0 1 0 0
1382 1 0 0 0 0 0 1 0 0
1383 1 0 0 0 0 0 1 0 0
1384 1 1 1 0 0 0 1 0 0
1385 1 0 0 0 0 0 1 0 0
1388 1 0 0 0 0 0 1 0 0
1389 1 0 0 0 0 0 1 0 0
1392 1 0 0 0 0 0 1 0 0
1393 1 0 0 0 0 0 0 0 0
1396 17 2 2 4 2 2 2 0 0
1559 3 0 0 0 0 0 1 1 1
1580 2 0 0 0 0 0 1 0 0
1632 2 1 1 0 0 0 1 0 0
1633 17 2 2 5 1 1 2 0 0
1660 81 8 8 18 0 0 16 1 1
1680 2 1 1 1 0 0 0 0 0
1682 1 0 0 0 0 0 1 0 0
1688 4 1 1 1 0 0 2 0 0
1692 23 1 1 5 0 0 3 0 0
1694 2 0 0 1 0 0 0 0 0
2091 2 1 1 1 0 0 0 0 0
2093 2 1 1 1 0 0 0 0 0
2095 2 0 0 1 0 0 0 0 0
2098 2 0 0 1 0 0 0 0 0
2099 3 0 0 1 0 0 0 0 0
2101 1 0 0 1 0 0 0 0 0
2102 16 0 0 14 0 0 0 0 0
fl=/build/eglibc-3GlaMS/eglibc-2.19/stdio-common/vfscanf.c
fn=_IO_vfscanf
214 2428932 2 2 0 0 0 1619288 2 0
218 202411 0 0 0 0 0 202411 0 0
219 202411 0 0 0 0 0 0 0 0
220 202411 0 0 0 0 0 0 0 0
223 218675 1 1 0 0 0 0 0 0
225 607233 0 0 404822 1 0 202411 1 0
226 404822 0 0 202411 1 0 202411 0 0
230 202411 0 0 0 0 0 202411 0 0
250 202411 0 0 0 0 0 202411 0 0
262 202411 0 0 0 0 0 202411 0 0
263 202411 0 0 0 0 0 202411 0 0
264 202411 1 1 0 0 0 202411 0 0
265 202411 0 0 0 0 0 202411 0 0
269 202411 0 0 0 0 0 0 0 0
272 202411 0 0 0 0 0 202411 0 0
273 202411 0 0 0 0 0 202411 0 0
275 202411 1 1 0 0 0 202411 0 0
314 1214466 1 1 607233 0 0 607233 0 0
320 1012054 0 0 202411 0 0 1 0 0
323 1012055 0 0 202411 0 0 0 0 0
327 404822 1 1 404822 0 0 0 0 0
335 404822 0 0 202411 1 0 202411 0 0
341 202411 0 0 202411 0 0 0 0 0
343 809644 0 0 202411 1 1 202411 0 0
358 3036165 3 3 1214466 1 0 607233 0 0
363 202411 0 0 0 0 0 202411 0 0
367 1668320 1 1 421166 1 1 0 0 0
404 656265 0 0 0 0 0 0 0 0
429 437510 0 0 0 0 0 218755 0 0
430 437510 0 0 0 0 0 0 0 0
433 81520 1 1 48912 0 0 0 0 0
435 32608 0 0 0 0 0 0 0 0
456 218755 1 1 218755 0 0 0 0 0
469 1417157 1 1 404902 0 0 202451 0 0
472 202432 1 1 0 0 0 0 0 0
475 809804 2 2 202451 0 0 0 0 0
493 1822059 3 3 202451 0 0 0 0 0
514 1012255 0 0 0 0 0 202451 0 0
521 404902 0 0 0 0 0 202451 0 0
524 2226961 3 3 202451 1 1 0 0 0
604 404902 0 0 0 0 0 0 0 0
609 1214586 1 1 0 0 0 0 0 0
610 1012055 0 0 0 0 0 0 0 0
613 404902 1 1 404902 0 0 0 0 0
614 1214706 0 0 404902 0 0 202451 0 0
620 3644910 3 3 1214970 16 16 405146 0 0
623 1822203 0 0 809876 3 2 0 0 0
624 404902 0 0 0 0 0 404902 0 0
625 2024510 1 1 202451 0 0 607353 0 0
629 1619608 0 0 202451 1 1 0 0 0
1013 15 1 1 0 0 0 0 0 0
1385 202432 0 0 0 0 0 0 0 0
1386 202432 1 1 202432 0 0 0 0 0
1394 1821888 2 2 607296 0 0 202432 0 0
1399 809728 0 0 0 0 0 0 0 0
1401 214 0 0 0 0 0 0 0 0
1408 607938 1 1 214 0 0 0 0 0
1411 856 1 1 214 0 0 0 0 0
1413 4280 3 3 856 0 0 642 0 0
1414 1498 0 0 642 0 0 214 0 0
1416 1712 0 0 856 4 0 0 0 0
1428 642 0 0 0 0 0 0 0 0
1431 404436 0 0 0 0 0 0 0 0
1434 1214592 2 2 202432 0 0 0 0 0
1720 3287944 0 0 0 0 0 0 0 0
1722 1643972 1 1 821986 0 0 0 0 0
1724 619554 1 1 0 0 0 0 0 0
1727 5134348 1 1 821986 0 0 607296 0 0
1729 2631616 1 1 1214592 0 0 404864 0 0
1777 6723954 5 5 0 0 0 619554 0 0
1779 2478216 0 0 0 0 0 0 0 0
1781 6197316 2 2 1859254 46 46 620294 0 0
1784 404864 0 0 0 0 0 0 0 0
1785 485522 1 1 26886 0 0 0 0 0
1811 2226752 1 1 404864 0 0 607296 0 0
1814 809728 0 0 404864 0 0 202432 0 0
1824 607296 0 0 202432 0 0 0 0 0
1825 1214592 1 1 202432 0 0 202432 0 0
1829 809728 0 0 404864 0 0 0 0 0
1832 404864 0 0 202432 0 0 0 0 0
1834 404864 0 0 0 0 0 0 0 0
1838 404864 1 1 202432 0 0 0 0 0
1840 404864 1 1 202432 0 0 0 0 0
1842 404864 1 1 202432 0 0 0 0 0
1843 607296 0 0 202432 0 0 0 0 0
1857 2024320 1 1 607296 0 0 404864 4 0
1873 171 1 1 57 0 0 19 0 0
1875 95 1 1 38 0 0 0 0 0
1876 38 0 0 0 0 0 0 0 0
1882 114 0 0 0 0 0 0 0 0
1884 9 0 0 0 0 0 9 0 0
1885 90 0 0 36 0 0 9 0 0
1889 45 0 0 18 0 0 0 0 0
1892 20 1 1 0 0 0 10 0 0
1895 114 1 1 57 11 1 0 0 0
1916 38 0 0 0 0 0 0 0 0
1979 19 0 0 0 0 0 19 0 0
1980 95 0 0 19 0 0 0 0 0
1982 209 3 3 57 0 0 57 0 0
1983 133 0 0 57 0 0 19 0 0
1985 76 1 1 19 0 0 0 0 0
1986 133 0 0 76 1 1 0 0 0
2001 38 0 0 0 0 0 19 0 0
2006 456 0 0 0 0 0 0 0 0
2008 228 0 0 0 0 0 0 0 0
2011 266 3 3 95 0 0 19 0 0
2013 228 0 0 0 0 0 114 0 0
2014 114 0 0 0 0 0 114 0 0
2019 152 0 0 76 0 0 0 0 0
2020 228 1 1 152 0 0 0 0 0
2044 209 0 0 76 0 0 19 0 0
2046 114 0 0 76 0 0 0 0 0
2048 95 1 1 38 11 1 0 0 0
2049 76 0 0 38 0 0 0 0 0
2059 38 0 0 0 0 0 0 0 0
2062 228 1 1 114 0 0 0 0 0
2063 228 1 1 19 0 0 76 0 0
2064 57 0 0 19 0 0 0 0 0
2066 38 0 0 0 0 0 19 0 0
2077 171 3 3 38 0 0 57 0 0
2096 38 0 0 0 0 0 0 0 0
2108 190 2 2 19 0 0 57 0 0
2115 1596 1 1 665 0 0 133 0 0
2119 665 0 0 266 0 0 0 0 0
2124 38 1 1 19 0 0 0 0 0
2156 404822 0 0 0 0 0 202411 0 0
2344 95 1 1 19 0 0 0 0 0
2350 76 1 1 38 0 0 19 0 0
2351 38 0 0 19 0 0 0 0 0
2353 76 0 0 19 0 0 0 0 0
2357 38 0 0 19 0 0 0 0 0
2359 19 1 1 19 0 0 0 0 0
2365 19 1 1 0 0 0 19 0 0
2366 95 1 1 38 0 0 0 0 0
2367 275 1 1 104 8 1 38 1 0
2370 38 0 0 19 0 0 0 0 0
2374 607353 1 1 202451 0 0 0 0 0
2590 404822 0 0 0 0 0 202411 0 0
2933 469878 0 0 32528 0 0 0 0 0
2936 325275 2 2 97579 1 1 32528 0 0
2937 130112 0 0 65056 0 0 0 0 0
2938 97584 0 0 0 0 0 16264 0 0
2943 1619288 2 2 809644 0 0 0 0 0
2945 404822 1 1 202411 0 0 0 0 0
2948 607233 0 0 202411 0 0 0 0 0
2951 404822 0 0 202411 0 0 0 0 0
2968 607233 0 0 404822 0 0 0 0 0
2974 1619288 1 1 1416877 0 0 0 0 0
fl=/build/eglibc-3GlaMS/eglibc-2.19/stdlib/../include/rounding-mode.h
fn=round_and_return
46 90 1 1 0 0 0 0 0 0
52 72 0 0 0 0 0 0 0 0
fl=/build/eglibc-3GlaMS/eglibc-2.19/stdlib/../stdlib/gmp.h
fn=round_and_return
447 6 0 0 0 0 0 0 0 0
448 6 0 0 0 0 0 6 0 0
fl=/build/eglibc-3GlaMS/eglibc-2.19/stdlib/../stdlib/strtol.c
fn=__strtol_internal
97 607296 1 1 404864 0 0 0 0 0
fl=/build/eglibc-3GlaMS/eglibc-2.19/stdlib/../stdlib/strtol_l.c
fn=____strtol_l_internal
232 1821888 1 1 0 0 0 1417024 2 0
246 202432 0 0 202432 0 0 0 0 0
252 202432 0 0 0 0 0 0 0 0
258 404864 1 1 0 0 0 0 0 0
279 202432 0 0 0 0 0 0 0 0
280 202432 0 0 0 0 0 0 0 0
289 809728 0 0 0 0 0 0 0 0
298 1214592 0 0 607296 0 0 0 0 0
300 404864 1 1 0 0 0 0 0 0
304 202432 0 0 0 0 0 202432 0 0
305 404864 0 0 0 0 0 0 0 0
310 404864 0 0 0 0 0 0 0 0
314 404864 0 0 0 0 0 0 0 0
316 428 1 1 0 0 0 0 0 0
324 404436 0 0 0 0 0 0 0 0
331 607296 1 1 0 0 0 0 0 0
334 1012160 2 2 0 0 0 0 0 0
376 202432 0 0 0 0 0 0 0 0
379 607296 0 0 202432 1 1 0 0 0
380 607296 0 0 202432 1 1 202432 0 0
382 202432 0 0 0 0 0 0 0 0
383 202432 0 0 0 0 0 0 0 0
384 202432 0 0 0 0 0 0 0 0
438 3503704 0 0 619768 0 0 0 0 0
440 1859304 1 1 0 0 0 0 0 0
442 1859304 0 0 0 0 0 0 0 0
456 404864 1 1 0 0 0 202432 0 0
470 1859304 1 1 0 0 0 0 0 0
473 2479072 0 0 0 0 0 0 0 0
478 822200 0 0 0 0 0 0 0 0
479 1239536 0 0 0 0 0 0 0 0
484 404864 1 1 0 0 0 0 0 0
489 607296 0 0 202432 0 0 0 0 0
490 202432 0 0 0 0 0 202432 0 0
495 404864 0 0 0 0 0 0 0 0
496 607296 1 1 0 0 0 0 0 0
498 607296 0 0 202432 0 0 0 0 0
513 202432 0 0 0 0 0 0 0 0
531 1619456 1 1 1417024 0 0 0 0 0
fl=/build/eglibc-3GlaMS/eglibc-2.19/stdlib/../sysdeps/generic/get-rounding-mode.h
fn=round_and_return
93 18 0 0 0 0 0 18 0 0
94 126 0 0 18 0 0 0 0 0
103 18 1 1 0 0 0 0 0 0
fl=/build/eglibc-3GlaMS/eglibc-2.19/stdlib/../sysdeps/ieee754/dbl-64/dbl2mpn.c
fn=__mpn_extract_double
35 2 1 1 1 0 0 1 0 0
37 3 1 1 0 0 0 1 0 0
38 5 0 0 0 0 0 1 0 0
47 3 0 0 0 0 0 1 0 0
56 3 0 0 0 0 0 0 0 0
103 3 1 1 0 0 0 1 0 0
107 2 0 0 1 0 0 0 0 0
fl=/build/eglibc-3GlaMS/eglibc-2.19/stdlib/../sysdeps/ieee754/flt-32/mpn2flt.c
fn=__mpn_construct_float
33 72 1 1 0 0 0 0 0 0
35 72 0 0 18 0 0 0 0 0
40 36 0 0 18 0 0 18 0 0
41 18 0 0 18 0 0 0 0 0
fl=/build/eglibc-3GlaMS/eglibc-2.19/stdlib/../sysdeps/x86_64/lshift.S
fn=__mpn_lshift
29 37 1 1 0 0 0 0 0 0
30 37 0 0 0 0 0 0 0 0
32 37 0 0 0 0 0 0 0 0
33 37 0 0 0 0 0 0 0 0
34 37 0 0 0 0 0 0 0 0
46 37 0 0 0 0 0 0 0 0
47 37 0 0 0 0 0 0 0 0
48 37 0 0 37 0 0 0 0 0
49 37 0 0 0 0 0 0 0 0
50 37 0 0 0 0 0 0 0 0
51 37 1 1 0 0 0 0 0 0
52 37 0 0 0 0 0 0 0 0
58 37 0 0 0 0 0 0 0 0
59 37 0 0 0 0 0 37 1 1
60 37 0 0 37 0 0 0 0 0
fl=/build/eglibc-3GlaMS/eglibc-2.19/stdlib/../sysdeps/x86_64/mul_1.S
fn=__mpn_mul_1
32 11 1 1 0 0 0 11 0 0
35 11 0 0 0 0 0 0 0 0
36 11 0 0 11 0 0 0 0 0
37 11 0 0 0 0 0 0 0 0
38 11 0 0 0 0 0 0 0 0
39 11 0 0 0 0 0 0 0 0
41 11 0 0 0 0 0 0 0 0
42 11 0 0 0 0 0 0 0 0
44 11 0 0 0 0 0 0 0 0
45 11 0 0 0 0 0 0 0 0
46 11 0 0 0 0 0 0 0 0
47 11 0 0 0 0 0 0 0 0
48 10 0 0 0 0 0 0 0 0
50 10 0 0 0 0 0 0 0 0
51 10 0 0 0 0 0 0 0 0
52 10 0 0 0 0 0 10 0 0
53 10 0 0 0 0 0 0 0 0
79 1 1 1 0 0 0 0 0 0
80 1 1 1 0 0 0 0 0 0
81 1 0 0 0 0 0 0 0 0
82 1 0 0 0 0 0 0 0 0
83 1 0 0 0 0 0 0 0 0
84 1 0 0 0 0 0 0 0 0
85 1 0 0 1 0 0 0 0 0
86 1 0 0 0 0 0 0 0 0
87 1 0 0 0 0 0 0 0 0
113 1 1 1 0 0 0 0 0 0
114 1 0 0 0 0 0 0 0 0
115 1 1 1 0 0 0 0 0 0
117 1 0 0 0 0 0 1 0 0
118 1 0 0 0 0 0 0 0 0
119 1 0 0 0 0 0 0 0 0
120 1 0 0 0 0 0 1 0 0
121 1 0 0 0 0 0 0 0 0
122 11 0 0 0 0 0 0 0 0
124 11 0 0 11 0 0 0 0 0
127 11 0 0 11 0 0 0 0 0
fl=/build/eglibc-3GlaMS/eglibc-2.19/stdlib/../sysdeps/x86_64/rshift.S
fn=__mpn_rshift
29 2 1 1 0 0 0 0 0 0
30 2 0 0 0 0 0 0 0 0
31 2 0 0 0 0 0 0 0 0
44 2 0 0 0 0 0 0 0 0
45 2 0 0 0 0 0 0 0 0
61 2 1 1 0 0 0 0 0 0
62 2 0 0 2 0 0 0 0 0
63 2 0 0 2 0 0 0 0 0
64 2 0 0 0 0 0 0 0 0
65 2 0 0 0 0 0 0 0 0
66 2 0 0 0 0 0 0 0 0
67 2 0 0 0 0 0 0 0 0
72 2 1 1 0 0 0 0 0 0
73 2 0 0 0 0 0 2 0 0
74 2 0 0 0 0 0 0 0 0
75 2 0 0 0 0 0 2 0 0
76 2 0 0 2 0 0 0 0 0
fl=/build/eglibc-3GlaMS/eglibc-2.19/stdlib/cmp.c
fn=__mpn_cmp
42 4 1 1 0 0 0 0 0 0
44 2 0 0 2 0 0 0 0 0
45 2 1 1 2 0 0 0 0 0
46 4 0 0 0 0 0 0 0 0
54 10 0 0 2 0 0 0 0 0
fl=/build/eglibc-3GlaMS/eglibc-2.19/stdlib/cxa_atexit.c
fn=__cxa_atexit
35 2 0 0 0 0 0 1 0 0
37 2 0 0 0 0 0 0 0 0
41 3 0 0 1 0 0 0 0 0
43 1 0 0 0 0 0 1 0 0
44 1 0 0 0 0 0 1 0 0
45 1 0 0 0 0 0 1 0 0
47 1 1 1 0 0 0 1 0 0
48 1 0 0 0 0 0 0 0 0
57 6 1 1 0 0 0 3 0 0
59 4 0 0 4 0 0 0 0 0
fn=__new_exitfn
73 4 1 1 0 0 0 2 0 0
74 2 0 0 0 0 0 0 0 0
79 6 0 0 2 2 2 0 0 0
81 8 2 2 2 1 0 0 0 0
83 3 0 0 1 1 0 0 0 0
91 1 0 0 0 0 0 1 0 0
112 1 1 1 0 0 0 0 0 0
113 2 0 0 0 0 0 1 0 0
126 1 1 1 0 0 0 1 0 0
127 1 0 0 1 1 1 0 0 0
130 4 0 0 2 0 0 0 0 0
133 5 0 0 3 0 0 0 0 0
fl=/build/eglibc-3GlaMS/eglibc-2.19/stdlib/cxa_finalize.c
fn=__cxa_finalize
31 8 1 1 0 0 0 6 0 0
35 7 1 1 2 0 0 0 0 0
39 6 1 1 1 0 0 0 0 0
48 1 0 0 0 0 0 0 0 0
67 7 1 1 2 0 0 0 0 0
71 6 0 0 1 1 1 0 0 0
79 2 0 0 0 0 0 0 0 0
80 2 0 0 0 0 0 0 0 0
82 7 1 1 6 0 0 0 0 0
fl=/build/eglibc-3GlaMS/eglibc-2.19/stdlib/cxa_thread_atexit_impl.c
fn=__call_tls_dtors
82 3 1 1 0 0 0 3 0 0
83 5 0 0 1 0 0 1 0 0
101 4 1 1 4 0 0 0 0 0
fl=/build/eglibc-3GlaMS/eglibc-2.19/stdlib/divrem.c
fn=__mpn_divrem
56 140 1 1 0 0 0 100 1 1
57 10 0 0 0 0 0 0 0 0
59 20 0 0 0 0 0 0 0 0
72 10 1 1 10 0 0 0 0 0
73 10 0 0 10 0 0 0 0 0
75 20 1 1 0 0 0 0 0 0
81 40 0 0 20 0 0 0 0 0
82 65 0 0 0 0 0 0 0 0
83 27 0 0 9 0 0 9 0 0
84 10 1 1 0 0 0 0 0 0
86 30 0 0 10 0 0 0 0 0
89 10 0 0 0 0 0 10 0 0
91 10 0 0 0 0 0 0 0 0
244 80 0 0 70 0 0 0 0 0
fl=/build/eglibc-3GlaMS/eglibc-2.19/stdlib/exit.c
fn=__run_exit_handlers
35 8 1 1 0 0 0 4 0 0
40 2 0 0 1 1 1 1 0 0
46 8 0 0 2 1 1 0 0 0
50 6 0 0 0 0 0 0 0 0
52 1 0 0 0 0 0 1 0 0
53 1 0 0 0 0 0 0 0 0
54 5 1 1 1 0 0 0 0 0
78 1 1 1 1 0 0 0 0 0
80 2 0 0 1 0 0 0 0 0
82 3 0 0 1 0 0 1 0 0
83 1 0 0 0 0 0 0 0 0
87 2 0 0 1 0 0 1 0 0
88 2 0 0 0 0 0 0 0 0
94 2 0 0 0 0 0 0 0 0
95 8 1 1 1 1 1 1 0 0
97 2 0 0 0 0 0 1 0 0
fn=exit
103 1 0 0 0 0 0 0 0 0
104 3 1 1 0 0 0 1 0 0
fl=/build/eglibc-3GlaMS/eglibc-2.19/stdlib/mul.c
fn=__mpn_mul
57 13 2 2 0 0 0 8 1 1
63 2 0 0 0 0 0 0 0 0
75 2 0 0 0 0 0 0 0 0
76 1 0 0 0 0 0 0 0 0
80 1 0 0 1 0 0 0 0 0
81 2 0 0 0 0 0 0 0 0
90 3 1 1 2 0 0 1 1 1
92 3 0 0 1 0 0 1 0 0
93 1 0 0 0 0 0 0 0 0
97 2 0 0 0 0 0 0 0 0
151 8 1 1 7 0 0 0 0 0
fl=/build/eglibc-3GlaMS/eglibc-2.19/stdlib/strtod.c
fn=__strtof_internal
54 57 1 1 38 0 0 0 0 0
fl=/build/eglibc-3GlaMS/eglibc-2.19/stdlib/strtod_l.c
fn=____strtof_l_internal
494 190 1 1 0 0 0 133 11 0
500 38 0 0 0 0 0 0 0 0
548 19 0 0 19 0 0 0 0 0
550 38 0 0 0 0 0 0 0 0
567 19 0 0 0 0 0 19 0 0
568 19 0 0 0 0 0 19 0 0
582 38 1 1 19 0 0 19 0 0
583 57 0 0 0 0 0 38 11 0
584 76 0 0 38 0 0 0 0 0
599 38 0 0 0 0 0 19 11 0
600 19 0 0 0 0 0 19 0 0
601 18 0 0 0 0 0 0 0 0
605 19 0 0 0 0 0 0 0 0
608 57 0 0 19 0 0 0 0 0
609 57 1 1 19 0 0 0 0 0
612 38 0 0 0 0 0 0 0 0
617 38 0 0 0 0 0 0 0 0
630 57 0 0 19 0 0 0 0 0
631 38 1 1 0 0 0 0 0 0
639 57 1 1 0 0 0 0 0 0
702 1 0 0 0 0 0 0 0 0
706 114 2 2 57 0 0 0 0 0
725 95 0 0 19 0 0 19 0 0
726 38 0 0 0 0 0 0 0 0
727 76 1 1 19 0 0 0 0 0
749 38 0 0 19 0 0 0 0 0
750 57 0 0 0 0 0 0 0 0
751 95 1 1 0 0 0 0 0 0
756 95 0 0 19 0 0 0 0 0
757 76 0 0 0 0 0 0 0 0
764 38 0 0 19 0 0 0 0 0
782 42 2 2 2 1 1 0 0 0
792 57 0 0 0 0 0 0 0 0
793 38 0 0 0 0 0 0 0 0
805 38 0 0 0 0 0 0 0 0
821 38 0 0 19 0 0 0 0 0
863 76 1 1 0 0 0 0 0 0
872 95 0 0 19 0 0 0 0 0
873 76 0 0 19 0 0 0 0 0
879 57 1 1 19 0 0 0 0 0
880 57 0 0 19 0 0 0 0 0
881 646 1 1 0 0 0 0 0 0
885 336 0 0 0 0 0 0 0 0
888 228 0 0 114 0 0 0 0 0
891 38 1 1 0 0 0 0 0 0
897 38 0 0 38 11 1 0 0 0
898 76 0 0 0 0 0 19 0 0
899 57 1 1 0 0 0 0 0 0
1030 38 0 0 0 0 0 0 0 0
1032 232 0 0 97 0 0 0 0 0
1034 253 1 1 0 0 0 0 0 0
1035 19 0 0 0 0 0 0 0 0
1037 38 0 0 0 0 0 0 0 0
1040 41 0 0 0 0 0 0 0 0
1059 57 0 0 19 0 0 0 0 0
1060 19 0 0 0 0 0 19 0 0
1062 38 1 1 0 0 0 0 0 0
1065 90 0 0 36 0 0 0 0 0
1074 36 0 0 18 0 0 0 0 0
1076 36 0 0 0 0 0 0 0 0
1085 54 0 0 18 0 0 0 0 0
1086 72 1 1 0 0 0 0 0 0
1089 90 1 1 18 0 0 0 0 0
1093 54 0 0 0 0 0 18 0 0
1094 18 0 0 0 0 0 0 0 0
1098 36 0 0 0 0 0 0 0 0
1190 18 0 0 18 0 0 0 0 0
1191 36 1 1 0 0 0 0 0 0
1192 90 0 0 0 0 0 0 0 0
1193 18 1 1 0 0 0 0 0 0
1194 36 0 0 0 0 0 18 0 0
1197 72 0 0 0 0 0 0 0 0
1200 36 0 0 0 0 0 0 0 0
1203 36 0 0 0 0 0 0 0 0
1286 57 1 1 0 0 0 0 0 0
1361 36 1 1 0 0 0 18 0 0
1362 36 0 0 0 0 0 18 0 0
1363 18 0 0 0 0 0 0 0 0
1365 108 1 1 18 0 0 0 0 0
1374 36 0 0 0 0 0 0 0 0
1383 72 2 2 18 0 0 0 0 0
1386 180 0 0 0 0 0 0 0 0
1389 18 0 0 0 0 0 0 0 0
1399 72 0 0 0 0 0 0 0 0
1404 36 1 1 0 0 0 0 0 0
1407 90 1 1 0 0 0 0 0 0
1408 72 0 0 0 0 0 0 0 0
1410 72 0 0 0 0 0 18 10 0
1418 90 0 0 0 0 0 18 0 0
1421 18 0 0 0 0 0 0 0 0
1422 18 0 0 0 0 0 0 0 0
1425 72 0 0 0 0 0 0 0 0
1428 18 0 0 0 0 0 0 0 0
1430 36 1 1 0 0 0 0 0 0
1432 36 0 0 18 10 1 0 0 0
1433 108 0 0 18 0 0 18 0 0
1438 108 1 1 0 0 0 36 0 0
1448 36 0 0 0 0 0 0 0 0
1449 36 0 0 0 0 0 0 0 0
1451 72 0 0 0 0 0 0 0 0
1453 90 1 1 54 0 0 0 0 0
1457 162 1 1 72 0 0 36 0 0
1474 72 0 0 18 0 0 18 0 0
1476 36 0 0 0 0 0 0 0 0
1480 90 1 1 18 0 0 18 0 0
1481 90 0 0 36 0 0 18 0 0
1482 54 0 0 18 0 0 0 0 0
1493 36 0 0 0 0 0 18 0 0
1495 36 1 1 0 0 0 0 0 0
1502 18 0 0 18 0 0 0 0 0
1503 18 0 0 18 0 0 0 0 0
1504 72 0 0 0 0 0 0 0 0
1508 90 1 1 0 0 0 0 0 0
1546 432 1 1 18 0 0 36 0 0
1550 54 1 1 18 0 0 0 0 0
1551 36 0 0 0 0 0 0 0 0
1552 36 0 0 0 0 0 0 0 0
1770 126 1 1 18 0 0 18 0 0
1778 152 0 0 133 0 0 0 0 0
fn=round_and_return
212 198 2 2 0 0 0 108 0 0
215 36 1 1 0 0 0 0 0 0
304 36 1 1 0 0 0 0 0 0
307 30 1 1 0 0 0 0 0 0
311 54 0 0 0 0 0 0 0 0
316 12 0 0 0 0 0 0 0 0
326 48 1 1 0 0 0 0 0 0
338 72 0 0 0 0 0 18 0 0
339 324 1 1 144 0 0 0 0 0
fn=str_to_mpn.isra.0
348 198 1 1 18 0 0 126 10 0
361 18 0 0 0 0 0 18 0 0
362 144 1 1 0 0 0 0 0 0
396 90 0 0 18 0 0 0 0 0
409 54 1 1 0 0 0 0 0 0
410 18 0 0 0 0 0 0 0 0
412 36 0 0 0 0 0 0 0 0
414 72 1 1 36 0 0 0 0 0
421 54 1 1 18 10 1 0 0 0
423 54 0 0 18 0 0 0 0 0
425 18 0 0 0 0 0 18 0 0
426 18 0 0 0 0 0 18 0 0
441 162 0 0 126 0 0 0 0 0
fl=/build/eglibc-3GlaMS/eglibc-2.19/string/../bits/stdlib-bsearch.h
fn=intel_check_word
27 8 1 1 0 0 0 0 0 0
28 16 0 0 0 0 0 0 0 0
29 110 0 0 0 0 0 0 0 0
31 154 0 0 0 0 0 0 0 0
32 54 0 0 0 0 0 0 0 0
37 8 1 1 0 0 0 0 0 0
fl=/build/eglibc-3GlaMS/eglibc-2.19/string/../string/memcmp.c
fn=bcmp
105 10 1 1 10 0 0 0 0 0
106 20 0 0 10 0 0 0 0 0
110 22 0 0 0 0 0 0 0 0
111 6 1 1 0 0 0 0 0 0
129 14 1 1 0 0 0 0 0 0
133 2 1 1 2 1 1 0 0 0
134 2 0 0 2 0 0 0 0 0
135 2 0 0 0 0 0 0 0 0
136 2 0 0 0 0 0 0 0 0
137 2 0 0 0 0 0 0 0 0
183 2 0 0 2 0 0 0 0 0
184 2 0 0 2 0 0 0 0 0
185 16 0 0 0 0 0 4 1 1
221 2 0 0 0 0 0 0 0 0
222 4 0 0 0 0 0 0 0 0
226 4 0 0 0 0 0 0 0 0
228 14 1 1 0 0 0 0 0 0
232 2 0 0 2 0 0 0 0 0
233 2 0 0 2 0 0 0 0 0
234 2 0 0 2 0 0 0 0 0
235 2 0 0 0 0 0 0 0 0
236 2 0 0 0 0 0 0 0 0
237 2 0 0 0 0 0 0 0 0
289 2 0 0 2 0 0 0 0 0
290 2 0 0 2 1 1 0 0 0
291 12 1 1 0 0 0 0 0 0
292 4 0 0 0 0 0 0 0 0
299 4 1 1 0 0 0 0 0 0
304 12 1 1 0 0 0 0 0 0
305 4 0 0 0 0 0 0 0 0
315 84 1 1 0 0 0 72 2 2
318 12 0 0 0 0 0 0 0 0
319 12 0 0 0 0 0 0 0 0
322 24 0 0 0 0 0 0 0 0
326 18 0 0 0 0 0 0 0 0
328 2 0 0 2 1 1 0 0 0
329 2 0 0 2 0 0 0 0 0
330 2 0 0 0 0 0 0 0 0
331 2 0 0 0 0 0 0 0 0
333 4 0 0 0 0 0 0 0 0
335 2 0 0 0 0 0 0 0 0
342 12 1 1 0 0 0 0 0 0
343 8 0 0 0 0 0 0 0 0
346 4 0 0 0 0 0 0 0 0
350 6 0 0 0 0 0 0 0 0
351 2 0 0 0 0 0 0 0 0
352 2 0 0 0 0 0 0 0 0
356 144 2 2 0 0 0 0 0 0
358 63 0 0 63 2 2 0 0 0
359 63 0 0 63 5 5 0 0 0
360 63 0 0 0 0 0 0 0 0
363 204 0 0 0 0 0 0 0 0
368 9 0 0 0 0 0 0 0 0
369 96 0 0 84 0 0 0 0 0
fl=/build/eglibc-3GlaMS/eglibc-2.19/string/../string/strstr.c
fn=__GI_strstr
53 8 1 1 0 0 0 6 0 0
58 2 0 0 0 0 0 0 0 0
63 4 1 1 1 0 0 0 0 0
65 2 1 1 1 1 1 0 0 0
66 1 1 1 0 0 0 0 0 0
89 8 0 0 7 0 0 0 0 0
fl=/build/eglibc-3GlaMS/eglibc-2.19/string/../sysdeps/x86_64/memcpy.S
fn=__GI_mempcpy
61 1 1 1 0 0 0 0 0 0
65 1 0 0 0 0 0 0 0 0
68 1 0 0 0 0 0 0 0 0
69 1 0 0 0 0 0 0 0 0
71 1 0 0 1 0 0 0 0 0
72 1 0 0 0 0 0 1 0 0
74 1 0 0 0 0 0 0 0 0
75 1 0 0 0 0 0 0 0 0
80 1 0 0 0 0 0 0 0 0
81 1 0 0 0 0 0 0 0 0
92 1 0 0 0 0 0 0 0 0
93 1 0 0 0 0 0 0 0 0
104 1 1 1 0 0 0 0 0 0
105 1 0 0 0 0 0 0 0 0
116 1 0 0 0 0 0 0 0 0
117 1 0 0 0 0 0 0 0 0
138 1 1 1 0 0 0 0 0 0
142 1 0 0 1 0 0 0 0 0
fn=mempcpy
61 15 1 1 0 0 0 0 0 0
65 15 0 0 0 0 0 0 0 0
68 14 0 0 0 0 0 0 0 0
69 14 0 0 0 0 0 0 0 0
71 5 0 0 5 1 1 0 0 0
72 5 0 0 0 0 0 5 1 1
74 5 0 0 0 0 0 0 0 0
75 5 0 0 0 0 0 0 0 0
80 14 0 0 0 0 0 0 0 0
81 14 0 0 0 0 0 0 0 0
83 10 0 0 10 0 0 0 0 0
84 10 0 0 0 0 0 10 0 0
86 10 0 0 0 0 0 0 0 0
87 10 0 0 0 0 0 0 0 0
92 14 0 0 0 0 0 0 0 0
93 14 0 0 0 0 0 0 0 0
95 5 0 0 5 0 0 0 0 0
96 5 0 0 0 0 0 5 0 0
98 5 0 0 0 0 0 0 0 0
99 5 0 0 0 0 0 0 0 0
104 14 0 0 0 0 0 0 0 0
105 14 0 0 0 0 0 0 0 0
107 7 0 0 7 0 0 0 0 0
108 7 0 0 0 0 0 7 1 1
110 7 0 0 0 0 0 0 0 0
111 14 0 0 0 0 0 0 0 0
116 14 1 1 0 0 0 0 0 0
117 16 0 0 0 0 0 0 0 0
122 2 0 0 2 1 0 0 0 0
123 2 0 0 2 0 0 0 0 0
124 2 0 0 0 0 0 2 1 1
125 2 0 0 0 0 0 2 0 0
127 2 0 0 0 0 0 0 0 0
129 2 0 0 0 0 0 0 0 0
130 2 0 0 0 0 0 0 0 0
132 2 0 0 0 0 0 0 0 0
138 14 0 0 0 0 0 0 0 0
142 14 0 0 14 0 0 0 0 0
154 2 1 1 0 0 0 0 0 0
156 2 0 0 0 0 0 0 0 0
157 2 0 0 0 0 0 0 0 0
183 2 0 0 0 0 0 0 0 0
184 2 0 0 0 0 0 0 0 0
187 2 0 0 0 0 0 0 0 0
188 2 0 0 0 0 0 0 0 0
189 2 0 0 0 0 0 0 0 0
194 2 1 1 0 0 0 0 0 0
196 2 0 0 2 0 0 0 0 0
197 2 0 0 2 0 0 0 0 0
198 2 0 0 2 0 0 0 0 0
199 2 0 0 2 0 0 0 0 0
201 2 0 0 0 0 0 2 0 0
202 2 0 0 0 0 0 2 1 1
203 2 0 0 0 0 0 2 0 0
204 2 0 0 0 0 0 2 1 1
206 2 0 0 0 0 0 0 0 0
207 2 0 0 0 0 0 0 0 0
209 2 0 0 0 0 0 0 0 0
231 2 1 1 0 0 0 0 0 0
233 2 0 0 0 0 0 0 0 0
235 1 0 0 0 0 0 0 0 0
242 1 0 0 1 0 0 0 0 0
fl=/build/eglibc-3GlaMS/eglibc-2.19/string/../sysdeps/x86_64/memset.S
fn=memset
53 8970 1 1 0 0 0 0 0 0
54 8970 0 0 0 0 0 0 0 0
55 8970 0 0 0 0 0 0 0 0
56 8970 0 0 0 0 0 0 0 0
57 8970 0 0 0 0 0 0 0 0
59 8970 0 0 0 0 0 0 0 0
60 8970 0 0 0 0 0 0 0 0
77 8970 1 1 0 0 0 0 0 0
78 8970 0 0 0 0 0 8970 1698 151
79 8970 0 0 0 0 0 0 0 0
80 8970 0 0 0 0 0 8970 1698 151
81 8970 0 0 0 0 0 8970 0 0
82 8970 0 0 0 0 0 8970 0 0
83 8970 0 0 0 0 0 8970 0 0
84 8970 0 0 0 0 0 8970 0 0
85 8970 1 1 0 0 0 8970 0 0
86 8970 0 0 0 0 0 8970 0 0
87 8970 0 0 0 0 0 0 0 0
88 8970 0 0 0 0 0 0 0 0
89 8970 0 0 0 0 0 0 0 0
90 17940 0 0 0 0 0 0 0 0
93 215280 0 0 0 0 0 215280 39064 3473
94 215280 0 0 0 0 0 215280 0 0
95 215280 0 0 0 0 0 215280 0 0
96 215280 0 0 0 0 0 215280 0 0
97 215280 0 0 0 0 0 0 0 0
98 215280 0 0 0 0 0 0 0 0
99 215280 0 0 0 0 0 0 0 0
100 8970 1 1 8970 0 0 0 0 0
fl=/build/eglibc-3GlaMS/eglibc-2.19/string/../sysdeps/x86_64/multiarch/../cacheinfo.c
fn=handle_intel
305 16 0 0 0 0 0 12 0 0
306 4 1 1 0 0 0 0 0 0
317 6 0 0 0 0 0 2 0 0
319 2 1 1 0 0 0 2 0 0
320 4 0 0 0 0 0 2 0 0
322 2 0 0 0 0 0 0 0 0
328 8 1 1 0 0 0 2 0 0
333 4 0 0 0 0 0 0 0 0
335 6 0 0 0 0 0 2 0 0
336 2 0 0 0 0 0 0 0 0
340 10 0 0 0 0 0 2 0 0
341 4 0 0 0 0 0 0 0 0
344 10 1 1 0 0 0 2 0 0
345 4 0 0 0 0 0 0 0 0
362 16 1 1 14 0 0 0 0 0
fn=init_cacheinfo
550 3 1 1 0 0 0 3 0 0
563 3 0 0 1 0 0 0 0 0
570 2 0 0 0 0 0 0 0 0
572 4 0 0 1 0 0 1 0 0
575 1 0 0 0 0 0 0 0 0
576 4 1 1 1 0 0 1 0 0
578 2 0 0 0 0 0 0 0 0
589 1 0 0 1 0 0 0 0 0
607 4 0 0 1 0 0 0 0 0
614 17 1 1 0 0 0 0 0 0
620 8 0 0 0 0 0 0 0 0
623 20 0 0 0 0 0 0 0 0
625 2 1 1 0 0 0 0 0 0
631 5 0 0 0 0 0 0 0 0
638 9 1 1 0 0 0 0 0 0
640 2 0 0 0 0 0 0 0 0
642 8 0 0 0 0 0 0 0 0
644 4 0 0 0 0 0 0 0 0
649 1 1 1 0 0 0 0 0 0
651 4 0 0 0 0 0 0 0 0
652 2 0 0 0 0 0 0 0 0
653 1 0 0 0 0 0 0 0 0
657 2 0 0 0 0 0 0 0 0
669 4 0 0 0 0 0 0 0 0
670 5 1 1 0 0 0 0 0 0
744 2 0 0 0 0 0 0 0 0
746 3 1 1 0 0 0 1 0 0
747 1 0 0 0 0 0 1 1 1
749 1 0 0 0 0 0 0 0 0
750 3 0 0 0 0 0 1 0 0
751 1 0 0 0 0 0 1 0 0
754 2 0 0 0 0 0 0 0 0
756 3 0 0 0 0 0 1 0 0
757 1 0 0 0 0 0 1 1 1
759 1 0 0 0 0 0 0 0 0
760 3 0 0 0 0 0 1 0 0
761 1 0 0 0 0 0 1 0 0
763 4 0 0 4 0 0 0 0 0
fn=intel_check_word
150 108 0 0 54 6 6 0 0 0
153 54 1 1 0 0 0 0 0 0
161 16 0 0 0 0 0 12 0 0
162 8 1 1 0 0 0 0 0 0
164 2 0 0 0 0 0 0 0 0
168 28 0 0 0 0 0 0 0 0
170 32 1 1 0 0 0 0 0 0
172 10 0 0 0 0 0 0 0 0
174 20 0 0 0 0 0 0 0 0
182 20 0 0 0 0 0 0 0 0
194 39 2 2 0 0 0 0 0 0
199 16 0 0 0 0 0 0 0 0
203 10 1 1 0 0 0 0 0 0
205 5 0 0 0 0 0 0 0 0
210 8 0 0 0 0 0 0 0 0
213 2 1 1 0 0 0 0 0 0
215 4 1 1 0 0 0 0 0 0
217 10 2 2 0 0 0 0 0 0
218 8 0 0 0 0 0 0 0 0
219 8 0 0 0 0 0 0 0 0
220 2 0 0 0 0 0 0 0 0
228 3 0 0 0 0 0 0 0 0
235 16 0 0 0 0 0 0 0 0
295 8 0 0 0 0 0 0 0 0
300 16 0 0 16 0 0 0 0 0
fl=/build/eglibc-3GlaMS/eglibc-2.19/string/../sysdeps/x86_64/multiarch/../memcpy.S
fn=__GI_memcpy
61 20 2 2 0 0 0 0 0 0
63 20 0 0 0 0 0 0 0 0
65 20 0 0 0 0 0 0 0 0
68 20 0 0 0 0 0 0 0 0
69 20 0 0 0 0 0 0 0 0
80 20 0 0 0 0 0 0 0 0
81 20 0 0 0 0 0 0 0 0
92 20 0 0 0 0 0 0 0 0
93 20 0 0 0 0 0 0 0 0
104 20 1 1 0 0 0 0 0 0
105 20 0 0 0 0 0 0 0 0
107 18 0 0 18 10 1 0 0 0
108 18 0 0 0 0 0 18 0 0
110 18 0 0 0 0 0 0 0 0
111 18 0 0 0 0 0 0 0 0
116 20 0 0 0 0 0 0 0 0
117 22 0 0 0 0 0 0 0 0
122 2 0 0 2 1 1 0 0 0
123 2 0 0 2 0 0 0 0 0
124 2 0 0 0 0 0 2 1 1
125 2 0 0 0 0 0 2 0 0
127 2 0 0 0 0 0 0 0 0
129 2 0 0 0 0 0 0 0 0
130 2 0 0 0 0 0 0 0 0
132 2 0 0 0 0 0 0 0 0
140 20 0 0 20 0 0 0 0 0
fn=memcpy
61 14 1 1 0 0 0 0 0 0
63 14 0 0 0 0 0 0 0 0
65 14 0 0 0 0 0 0 0 0
68 13 0 0 0 0 0 0 0 0
69 13 0 0 0 0 0 0 0 0
71 4 1 1 4 0 0 0 0 0
72 4 0 0 0 0 0 4 2 2
74 4 0 0 0 0 0 0 0 0
75 4 0 0 0 0 0 0 0 0
80 13 0 0 0 0 0 0 0 0
81 13 0 0 0 0 0 0 0 0
83 4 0 0 4 0 0 0 0 0
84 4 0 0 0 0 0 4 1 1
86 4 0 0 0 0 0 0 0 0
87 8 0 0 0 0 0 0 0 0
92 13 0 0 0 0 0 0 0 0
93 13 0 0 0 0 0 0 0 0
95 4 0 0 4 0 0 0 0 0
96 4 0 0 0 0 0 4 0 0
98 4 0 0 0 0 0 0 0 0
99 4 0 0 0 0 0 0 0 0
104 13 0 0 0 0 0 0 0 0
105 13 0 0 0 0 0 0 0 0
107 8 0 0 8 0 0 0 0 0
108 8 0 0 0 0 0 8 1 1
110 8 0 0 0 0 0 0 0 0
111 8 0 0 0 0 0 0 0 0
116 13 1 1 0 0 0 0 0 0
117 18 0 0 0 0 0 0 0 0
122 5 0 0 5 0 0 0 0 0
123 5 0 0 5 0 0 0 0 0
124 5 0 0 0 0 0 5 0 0
125 5 0 0 0 0 0 5 2 2
127 5 0 0 0 0 0 0 0 0
129 5 0 0 0 0 0 0 0 0
130 5 0 0 0 0 0 0 0 0
132 5 0 0 0 0 0 0 0 0
140 13 0 0 13 0 0 0 0 0
148 5 0 0 0 0 0 5 0 0
154 5 0 0 0 0 0 0 0 0
156 5 0 0 0 0 0 0 0 0
157 5 0 0 0 0 0 0 0 0
160 2 1 1 0 0 0 0 0 0
161 4 0 0 0 0 0 0 0 0
166 5 0 0 5 0 0 0 0 0
167 5 0 0 0 0 0 5 0 0
169 5 0 0 0 0 0 0 0 0
171 5 0 0 0 0 0 0 0 0
172 5 0 0 0 0 0 0 0 0
174 7 0 0 0 0 0 0 0 0
183 5 0 0 0 0 0 0 0 0
184 5 0 0 0 0 0 0 0 0
187 5 0 0 0 0 0 0 0 0
188 5 0 0 0 0 0 0 0 0
189 5 0 0 0 0 0 0 0 0
194 4 1 1 0 0 0 0 0 0
196 4 0 0 4 0 0 0 0 0
197 4 0 0 4 0 0 0 0 0
198 4 0 0 4 0 0 0 0 0
199 4 0 0 4 0 0 0 0 0
201 4 0 0 0 0 0 4 1 1
202 4 0 0 0 0 0 4 0 0
203 4 0 0 0 0 0 4 0 0
204 4 0 0 0 0 0 4 0 0
206 4 0 0 0 0 0 0 0 0
207 4 0 0 0 0 0 0 0 0
209 4 0 0 0 0 0 0 0 0
231 5 1 1 0 0 0 0 0 0
237 5 0 0 5 0 0 0 0 0
238 5 0 0 0 0 0 0 0 0
240 1 0 0 1 0 0 0 0 0
fl=/build/eglibc-3GlaMS/eglibc-2.19/string/../sysdeps/x86_64/multiarch/../rtld-strlen.S
fn=strlen
26 13 1 1 0 0 0 0 0 0
27 13 0 0 0 0 0 0 0 0
28 13 0 0 0 0 0 0 0 0
29 13 0 0 0 0 0 0 0 0
31 7 0 0 0 0 0 0 0 0
32 7 0 0 0 0 0 0 0 0
34 29 0 0 29 1 1 0 0 0
35 29 0 0 0 0 0 0 0 0
36 28 0 0 0 0 0 0 0 0
37 28 0 0 0 0 0 0 0 0
38 28 0 0 0 0 0 0 0 0
40 24 1 1 0 0 0 0 0 0
45 16 0 0 16 0 0 0 0 0
46 16 0 0 0 0 0 0 0 0
47 16 0 0 0 0 0 0 0 0
48 16 0 0 0 0 0 0 0 0
51 16 0 0 0 0 0 0 0 0
52 15 0 0 0 0 0 0 0 0
53 15 0 0 0 0 0 0 0 0
54 15 0 0 0 0 0 0 0 0
56 15 0 0 0 0 0 0 0 0
59 13 0 0 13 0 0 0 0 0
60 13 0 0 0 0 0 0 0 0
61 13 0 0 0 0 0 0 0 0
62 13 0 0 0 0 0 0 0 0
65 13 0 0 0 0 0 0 0 0
66 8 0 0 0 0 0 0 0 0
67 8 0 0 0 0 0 0 0 0
68 8 1 1 0 0 0 0 0 0
70 8 0 0 0 0 0 0 0 0
73 6 0 0 6 0 0 0 0 0
74 6 0 0 0 0 0 0 0 0
75 6 0 0 0 0 0 0 0 0
76 6 0 0 0 0 0 0 0 0
79 6 0 0 0 0 0 0 0 0
80 6 0 0 0 0 0 0 0 0
81 6 0 0 0 0 0 0 0 0
82 6 0 0 0 0 0 0 0 0
84 6 0 0 0 0 0 0 0 0
87 6 0 0 6 0 0 0 0 0
88 6 0 0 0 0 0 0 0 0
89 6 0 0 0 0 0 0 0 0
90 6 0 0 0 0 0 0 0 0
93 6 0 0 0 0 0 0 0 0
94 5 0 0 0 0 0 0 0 0
95 5 0 0 0 0 0 0 0 0
96 5 0 0 0 0 0 0 0 0
98 6 0 0 0 0 0 0 0 0
101 12 1 1 0 0 0 0 0 0
103 12 0 0 0 0 0 0 0 0
104 12 0 0 0 0 0 0 0 0
105 11 0 0 0 0 0 0 0 0
107 11 0 0 0 0 0 0 0 0
108 11 0 0 0 0 0 0 0 0
109 11 0 0 0 0 0 0 0 0
111 11 0 0 0 0 0 0 0 0
112 11 0 0 0 0 0 0 0 0
113 9 0 0 0 0 0 0 0 0
115 9 0 0 0 0 0 0 0 0
116 9 0 0 0 0 0 0 0 0
117 7 0 0 0 0 0 0 0 0
119 7 0 0 0 0 0 0 0 0
121 7 0 0 0 0 0 0 0 0
122 7 0 0 0 0 0 0 0 0
123 7 0 0 0 0 0 0 0 0
125 7 0 0 0 0 0 0 0 0
126 7 0 0 0 0 0 0 0 0
127 7 0 0 0 0 0 0 0 0
129 7 0 0 0 0 0 0 0 0
130 7 0 0 0 0 0 0 0 0
131 4 0 0 0 0 0 0 0 0
133 13 1 1 0 0 0 0 0 0
134 13 0 0 13 0 0 0 0 0
fl=/build/eglibc-3GlaMS/eglibc-2.19/string/../sysdeps/x86_64/multiarch/../strchr.S
fn=index
24 7 1 1 0 0 0 0 0 0
25 7 0 0 0 0 0 0 0 0
26 7 0 0 0 0 0 0 0 0
27 7 0 0 0 0 0 0 0 0
28 7 0 0 0 0 0 0 0 0
29 7 0 0 0 0 0 0 0 0
30 7 0 0 0 0 0 0 0 0
31 7 0 0 0 0 0 0 0 0
32 7 0 0 7 2 2 0 0 0
33 7 0 0 0 0 0 0 0 0
34 7 0 0 0 0 0 0 0 0
35 7 1 1 0 0 0 0 0 0
36 7 0 0 0 0 0 0 0 0
37 7 0 0 0 0 0 0 0 0
38 7 0 0 0 0 0 0 0 0
39 7 0 0 0 0 0 0 0 0
40 7 0 0 0 0 0 0 0 0
41 5 0 0 0 0 0 0 0 0
45 5 0 0 0 0 0 0 0 0
46 5 0 0 0 0 0 0 0 0
47 5 0 0 5 0 0 0 0 0
48 5 0 0 0 0 0 0 0 0
50 5 0 0 5 0 0 0 0 0
54 2 0 0 2 0 0 0 0 0
55 2 0 0 0 0 0 0 0 0
56 2 0 0 0 0 0 0 0 0
57 2 0 0 0 0 0 0 0 0
58 2 0 0 0 0 0 0 0 0
59 2 1 1 0 0 0 0 0 0
60 2 0 0 2 0 0 0 0 0
61 2 0 0 0 0 0 0 0 0
62 2 0 0 0 0 0 0 0 0
63 2 0 0 0 0 0 0 0 0
64 2 0 0 0 0 0 0 0 0
65 2 0 0 0 0 0 0 0 0
66 2 0 0 0 0 0 0 0 0
67 2 0 0 2 0 0 0 0 0
68 2 0 0 0 0 0 0 0 0
69 2 0 0 0 0 0 0 0 0
70 2 0 0 0 0 0 0 0 0
71 2 0 0 0 0 0 0 0 0
72 2 0 0 0 0 0 0 0 0
73 2 0 0 0 0 0 0 0 0
74 2 0 0 0 0 0 0 0 0
75 2 1 1 0 0 0 0 0 0
76 2 0 0 0 0 0 0 0 0
77 2 0 0 0 0 0 0 0 0
129 2 1 1 0 0 0 0 0 0
133 2 0 0 0 0 0 0 0 0
134 2 0 0 0 0 0 0 0 0
135 2 0 0 2 0 0 0 0 0
136 2 1 1 0 0 0 0 0 0
138 2 0 0 2 0 0 0 0 0
fl=/build/eglibc-3GlaMS/eglibc-2.19/string/../sysdeps/x86_64/multiarch/../strcmp.S
fn=strcmp
131 1609 1 1 1609 39 24 0 0 0
132 1609 0 0 1609 24 6 0 0 0
133 1609 0 0 0 0 0 0 0 0
134 1507 0 0 0 0 0 0 0 0
135 1507 0 0 0 0 0 0 0 0
136 1507 0 0 0 0 0 0 0 0
137 1507 0 0 0 0 0 0 0 0
139 123 0 0 0 0 0 0 0 0
140 123 0 0 123 0 0 0 0 0
142 102 0 0 0 0 0 0 0 0
143 102 0 0 0 0 0 0 0 0
144 102 0 0 0 0 0 0 0 0
145 102 0 0 102 0 0 0 0 0
fl=/build/eglibc-3GlaMS/eglibc-2.19/string/../sysdeps/x86_64/multiarch/memmove.c
fn=memcpy@GLIBC_2.2.5
49 1 1 1 0 0 0 0 0 0
fl=/build/eglibc-3GlaMS/eglibc-2.19/string/../sysdeps/x86_64/multiarch/strcmp.S
fn=strcasecmp
114 1 1 1 1 1 1 0 0 0
115 1 0 0 0 0 0 0 0 0
116 1 0 0 0 0 0 1 0 0
119 1 0 0 0 0 0 0 0 0
120 1 0 0 1 0 0 0 0 0
121 1 1 1 0 0 0 0 0 0
132 1 0 0 1 0 0 0 0 0
fn=strncasecmp
140 1 1 1 1 0 0 0 0 0
141 1 0 0 0 0 0 0 0 0
145 1 0 0 0 0 0 0 0 0
146 1 0 0 1 0 0 0 0 0
147 1 0 0 0 0 0 0 0 0
158 1 1 1 1 0 0 0 0 0
fl=/build/eglibc-3GlaMS/eglibc-2.19/string/../sysdeps/x86_64/rtld-memset.S
fn=memset
30 13 2 2 0 0 0 0 0 0
31 13 0 0 0 0 0 0 0 0
32 13 0 0 0 0 0 0 0 0
33 2161 0 0 0 0 0 2148 34 34
34 13 0 0 0 0 0 0 0 0
35 13 0 0 13 0 0 0 0 0
fl=/build/eglibc-3GlaMS/eglibc-2.19/string/../sysdeps/x86_64/strchr.S
fn=strchrnul
24 2 1 1 0 0 0 0 0 0
25 2 0 0 0 0 0 0 0 0
26 2 0 0 0 0 0 0 0 0
27 2 0 0 0 0 0 0 0 0
28 2 0 0 0 0 0 0 0 0
29 2 0 0 0 0 0 0 0 0
30 2 0 0 0 0 0 0 0 0
31 2 0 0 0 0 0 0 0 0
32 2 0 0 2 1 1 0 0 0
33 2 0 0 0 0 0 0 0 0
34 2 0 0 0 0 0 0 0 0
35 2 0 0 0 0 0 0 0 0
36 2 0 0 0 0 0 0 0 0
37 2 0 0 0 0 0 0 0 0
38 2 0 0 0 0 0 0 0 0
39 2 1 1 0 0 0 0 0 0
40 2 0 0 0 0 0 0 0 0
41 1 0 0 0 0 0 0 0 0
43 1 0 0 0 0 0 0 0 0
50 1 0 0 1 0 0 0 0 0
54 1 0 0 1 0 0 0 0 0
55 1 0 0 0 0 0 0 0 0
56 1 0 0 0 0 0 0 0 0
57 1 0 0 0 0 0 0 0 0
58 1 0 0 0 0 0 0 0 0
59 1 0 0 0 0 0 0 0 0
60 1 0 0 1 0 0 0 0 0
61 1 0 0 0 0 0 0 0 0
62 1 0 0 0 0 0 0 0 0
63 1 0 0 0 0 0 0 0 0
64 1 0 0 0 0 0 0 0 0
65 1 1 1 0 0 0 0 0 0
66 1 0 0 0 0 0 0 0 0
67 1 0 0 1 1 1 0 0 0
68 1 0 0 0 0 0 0 0 0
69 1 0 0 0 0 0 0 0 0
70 1 0 0 0 0 0 0 0 0
71 1 0 0 0 0 0 0 0 0
72 1 0 0 0 0 0 0 0 0
73 1 0 0 0 0 0 0 0 0
74 1 0 0 0 0 0 0 0 0
75 1 0 0 0 0 0 0 0 0
76 1 0 0 0 0 0 0 0 0
77 1 0 0 0 0 0 0 0 0
129 1 1 1 0 0 0 0 0 0
131 1 0 0 0 0 0 0 0 0
138 1 0 0 1 0 0 0 0 0
fl=/build/eglibc-3GlaMS/eglibc-2.19/string/../sysdeps/x86_64/strlen.S
fn=strlen
66 20 1 1 0 0 0 0 0 0
67 20 0 0 0 0 0 0 0 0
68 20 0 0 0 0 0 0 0 0
69 20 0 0 0 0 0 0 0 0
70 20 0 0 0 0 0 0 0 0
71 20 0 0 0 0 0 0 0 0
72 20 0 0 0 0 0 0 0 0
74 20 0 0 0 0 0 0 0 0
76 20 0 0 0 0 0 0 0 0
106 20 0 0 20 1 1 0 0 0
107 20 0 0 0 0 0 0 0 0
108 20 0 0 0 0 0 0 0 0
109 20 0 0 0 0 0 0 0 0
110 20 0 0 0 0 0 0 0 0
111 20 0 0 0 0 0 0 0 0
112 20 1 1 20 0 0 0 0 0
fl=/build/eglibc-3GlaMS/eglibc-2.19/string/../sysdeps/x86_64/strrchr.S
fn=rindex
24 1 1 1 0 0 0 0 0 0
25 1 0 0 0 0 0 0 0 0
26 1 0 0 0 0 0 0 0 0
27 1 0 0 0 0 0 0 0 0
28 1 0 0 0 0 0 0 0 0
29 1 0 0 0 0 0 0 0 0
30 1 0 0 0 0 0 0 0 0
31 1 0 0 0 0 0 0 0 0
32 1 0 0 1 1 0 0 0 0
33 1 0 0 0 0 0 0 0 0
34 1 0 0 0 0 0 0 0 0
35 1 0 0 0 0 0 0 0 0
36 1 0 0 0 0 0 0 0 0
37 1 0 0 0 0 0 0 0 0
38 1 1 1 0 0 0 0 0 0
39 1 0 0 0 0 0 0 0 0
40 1 0 0 0 0 0 0 0 0
51 1 0 0 1 1 0 0 0 0
52 1 0 0 0 0 0 0 0 0
53 1 0 0 1 0 0 0 0 0
54 1 0 0 0 0 0 0 0 0
55 1 0 0 0 0 0 0 0 0
56 1 0 0 1 0 0 0 0 0
57 1 0 0 0 0 0 0 0 0
58 1 1 1 0 0 0 0 0 0
59 1 0 0 0 0 0 0 0 0
60 1 0 0 0 0 0 0 0 0
61 1 0 0 0 0 0 0 0 0
62 1 0 0 0 0 0 0 0 0
63 1 0 0 0 0 0 0 0 0
64 1 0 0 0 0 0 0 0 0
65 1 0 0 0 0 0 0 0 0
66 1 0 0 0 0 0 0 0 0
67 1 0 0 0 0 0 0 0 0
68 1 0 0 0 0 0 0 0 0
69 1 0 0 0 0 0 0 0 0
70 1 0 0 0 0 0 0 0 0
71 1 0 0 0 0 0 0 0 0
72 1 0 0 0 0 0 0 0 0
73 1 0 0 0 0 0 0 0 0
74 1 1 1 0 0 0 0 0 0
75 1 0 0 0 0 0 0 0 0
76 1 0 0 0 0 0 0 0 0
77 1 0 0 0 0 0 0 0 0
78 1 0 0 0 0 0 0 0 0
79 1 0 0 0 0 0 0 0 0
80 1 0 0 0 0 0 0 0 0
81 1 0 0 0 0 0 0 0 0
82 1 0 0 0 0 0 0 0 0
83 1 0 0 0 0 0 0 0 0
84 1 0 0 0 0 0 0 0 0
85 1 0 0 0 0 0 0 0 0
86 1 0 0 0 0 0 0 0 0
87 1 0 0 1 0 0 0 0 0
fl=/build/eglibc-3GlaMS/eglibc-2.19/time/../sysdeps/generic/dl-hash.h
fn=gettimeofday
43 2 0 0 0 0 0 0 0 0
44 2 1 1 0 0 0 0 0 0
45 26 2 1 8 1 0 0 0 0
48 24 0 0 0 0 0 0 0 0
49 16 0 0 0 0 0 0 0 0
62 16 0 0 0 0 0 0 0 0
67 2 0 0 0 0 0 0 0 0
fn=time
43 1 0 0 0 0 0 0 0 0
44 1 0 0 0 0 0 0 0 0
45 13 0 0 4 1 1 0 0 0
48 12 0 0 0 0 0 0 0 0
49 8 1 1 0 0 0 0 0 0
62 8 0 0 0 0 0 0 0 0
67 1 0 0 0 0 0 0 0 0
fl=/build/eglibc-3GlaMS/eglibc-2.19/time/../sysdeps/unix/sysv/linux/x86_64/gettimeofday.c
fn=gettimeofday
30 2 0 0 0 0 0 0 0 0
31 14 1 1 0 0 0 8 0 0
34 6 0 0 0 0 0 2 0 0
35 6 0 0 0 0 0 0 0 0
36 6 0 0 2 0 0 0 0 0
fl=/build/eglibc-3GlaMS/eglibc-2.19/time/../sysdeps/unix/sysv/linux/x86_64/time.c
fn=time
36 1 0 0 0 0 0 0 0 0
37 7 1 1 0 0 0 4 0 0
40 6 1 1 0 0 0 1 0 0
41 3 0 0 1 0 0 0 0 0
fl=???
fn=???
0 227918 31 28 227802 2897 5 41 1 1
fn=ScaleMatrixTo
0 4739846 10 10 1538534 392463 1145 782220 13 0
fn=SparseMatrixMultiplication
0 701 5 5 268 55 0 246 14 0
fn=__libc_csu_init
0 34 3 3 8 1 0 8 0 0
fn=_dl_debug_initialize
0 4 1 1 3 0 0 0 0 0
fn=accumulate_rows
0 14467966 22 22 9074378 3828370 4500 1195420 2315 0
fn=init_SparseMatrix
0 2551524 11 11 445702 2 0 445650 8429 8401
fn=main
0 12 1 1 3 1 1 2 0 0
fn=memcpy@GLIBC_2.2.5
0 12 1 1 4 0 0 0 0 0
fn=test_german_conv2
0 386827 11 11 13 4 2 350013 43751 43750
summary: 167781976 1308 1297 43508412 4226754 7794 22307502 108941 67719
