100 27 32
-0.000000 61 
68 0 4 5 6 8 9 10 11 12 13 14 15 16 17 19 20 21 24 25 26 27 28 30 34 35 36 39 41 44 46 47 48 49 50 51 52 53 54 56 57 59 62 63 65 66 67 69 70 72 74 75 78 79 81 83 85 86 87 88 89 90 91 93 94 95 96 97 98 
1 0 
4 1 18 11 14 
1 4 
1 22 
1 5 
1 10 
1 6 
3 16 17 18 
1 8 
5 19 9 11 22 6 
1 9 
1 8 
1 10 
2 17 21 
1 13 
4 8 19 4 5 
1 14 
3 9 12 13 
1 15 
4 11 4 5 7 
1 16 
2 5 22 
1 19 
4 24 18 19 13 
1 20 
4 19 10 18 5 
1 21 
4 0 8 26 22 
1 24 
2 0 15 
1 28 
2 1 6 
1 30 
4 25 2 20 15 
1 34 
3 1 26 20 
1 35 
4 16 17 12 7 
1 36 
2 10 12 
1 39 
3 9 18 20 
1 41 
3 25 10 19 
1 44 
2 12 5 
1 46 
1 15 
1 48 
2 11 20 
1 49 
2 0 8 
1 51 
2 0 14 
1 53 
1 3 
1 56 
3 16 17 11 
1 57 
4 8 24 15 7 
1 59 
1 18 
1 62 
2 8 22 
1 63 
2 19 13 
1 65 
2 9 18 
1 66 
2 17 15 
1 67 
2 20 14 
1 69 
2 17 14 
1 72 
3 24 25 5 
1 74 
4 16 9 5 23 
1 75 
2 9 15 
1 78 
2 24 11 
1 79 
5 24 18 11 12 22 
1 81 
4 24 17 20 15 
1 85 
3 1 3 6 
1 86 
4 0 11 3 17 
1 87 
1 5 
1 88 
2 1 13 
1 89 
2 22 15 
1 90 
2 21 22 
1 91 
3 18 4 13 
1 93 
1 1 
1 94 
4 8 2 5 6 
1 95 
3 3 12 13 
1 96 
2 16 20 
1 97 
6 6 14 16 21 22 26 
1 98 
2 3 5 
2 17 54 
1 9 
3 11 25 27 
1 6 
2 83 47 
1 12 
3 50 12 26 
2 8 7 
2 52 70 
1 20 
-0.140000 7 
7 96 2 53 54 71 55 92 
1 96 
2 1 7 
1 2 
2 26 11 
1 71 
1 25 
1 53 
1 23 
1 54 
1 0 
1 55 
1 18 
1 92 
1 2 
0.040000 46 
54 1 3 6 8 11 12 16 17 20 23 24 27 28 30 31 35 36 37 38 42 44 47 48 51 54 55 56 57 58 59 63 64 65 67 70 72 74 75 76 78 79 81 84 86 87 89 90 91 93 95 96 97 98 99 
1 1 
2 19 7 
1 3 
3 24 18 12 
1 6 
5 15 11 4 21 7 
1 8 
2 5 23 
1 11 
1 3 
1 12 
7 3 10 13 16 20 21 25 
1 20 
1 9 
1 23 
4 8 10 11 7 
1 24 
2 4 5 
1 27 
2 1 3 
1 28 
3 0 11 12 
1 30 
3 17 10 7 
1 31 
3 12 22 23 
1 35 
2 18 22 
1 36 
4 19 1 26 3 
1 37 
2 20 5 
1 38 
3 20 4 7 
1 42 
6 2 8 9 19 24 26 
1 47 
4 10 19 20 23 
1 48 
2 18 12 
1 51 
1 22 
1 54 
2 24 25 
1 56 
3 1 10 25 
1 57 
1 13 
1 58 
1 0 
1 59 
2 11 23 
1 74 
2 1 22 
1 75 
1 20 
1 76 
2 24 17 
1 78 
2 9 3 
1 79 
2 25 20 
1 81 
3 8 5 21 
1 84 
5 16 1 4 5 25 
1 86 
4 25 12 5 15 
1 87 
4 1 11 14 9 
1 89 
2 0 4 
1 90 
4 16 2 23 15 
1 91 
1 25 
1 95 
3 8 25 19 
1 97 
1 8 
1 99 
4 2 3 4 5 
2 16 72 
1 11 
3 55 44 63 
1 6 
3 17 67 65 
1 23 
3 64 93 70 
1 4 
2 96 98 
1 21 
0.110000 5 
5 23 82 99 61 31 
1 99 
3 8 16 15 
1 82 
4 25 10 11 4 
1 31 
2 8 15 
1 61 
2 19 15 
1 23 
1 25 
-0.170000 1 
1 92 
1 92 
1 4 
0.060000 27 
34 64 3 5 72 12 74 11 76 14 16 81 82 19 84 78 86 23 90 93 30 31 35 36 37 38 17 40 99 59 20 56 57 95 61 
1 3 
2 0 3 
1 5 
2 8 1 
1 12 
3 24 1 23 
1 16 
3 17 26 15 
1 19 
4 0 8 5 6 
1 23 
4 17 2 18 13 
1 30 
2 19 12 
1 31 
3 9 4 25 
1 36 
2 24 21 
1 37 
2 1 23 
1 38 
2 10 23 
1 40 
1 11 
1 56 
2 9 19 
1 57 
4 16 19 5 6 
1 64 
2 1 2 
1 76 
2 18 26 
1 82 
4 16 17 23 15 
1 84 
3 0 10 23 
1 86 
1 8 
1 90 
1 26 
1 93 
2 11 22 
1 95 
3 17 18 4 
1 99 
2 0 11 
2 81 14 
1 0 
3 35 59 20 
1 24 
3 17 74 61 
1 18 
3 72 11 78 
1 1 
-0.050000 54 
64 2 3 4 5 6 7 9 10 11 13 14 15 16 17 18 19 22 24 25 26 27 29 32 33 34 40 41 43 45 46 47 48 50 51 52 53 54 55 58 59 62 63 65 66 67 68 69 71 73 74 75 76 77 78 79 80 83 85 86 88 89 94 97 98 
1 3 
3 10 11 20 
1 4 
2 25 14 
1 6 
2 26 20 
1 7 
5 24 9 3 6 15 
1 9 
5 18 19 4 6 15 
1 10 
3 0 25 5 
1 13 
2 13 14 
1 14 
3 16 17 19 
1 15 
2 16 19 
1 17 
2 8 11 
1 18 
7 0 11 12 13 16 23 24 
1 22 
4 9 11 25 15 
1 25 
5 24 1 19 22 23 
1 26 
2 11 14 
1 27 
3 10 26 18 
1 29 
2 9 2 
1 32 
1 22 
1 33 
4 2 20 26 6 
1 34 
3 16 10 15 
1 41 
3 3 5 6 
1 43 
4 24 17 26 15 
1 45 
2 10 12 
1 46 
4 0 25 6 23 
1 47 
1 16 
1 48 
4 1 19 13 7 
1 50 
1 10 
1 52 
4 8 16 26 3 
1 55 
4 16 25 2 3 
1 62 
2 19 15 
1 66 
4 18 3 13 14 
1 67 
3 0 8 7 
1 68 
5 26 2 22 5 6 
1 69 
1 3 
1 71 
1 20 
1 73 
4 8 3 20 13 
1 74 
1 6 
1 75 
5 8 1 3 12 13 
1 76 
2 11 3 
1 77 
4 24 12 5 7 
1 78 
1 18 
1 79 
2 10 13 
1 80 
3 25 3 22 
1 85 
2 20 12 
1 86 
2 10 23 
1 88 
2 10 19 
1 94 
3 25 10 19 
1 97 
2 20 23 
1 98 
4 8 12 13 7 
2 16 40 
1 4 
3 24 19 5 
1 12 
2 89 54 
1 13 
2 58 83 
1 14 
3 65 59 53 
1 0 
4 51 2 11 63 
1 9 
-0.100000 29 
32 2 68 69 71 9 11 66 78 77 80 17 18 19 85 22 24 25 26 79 92 29 96 33 35 41 43 45 46 73 52 55 60 
1 2 
2 3 13 
1 9 
1 1 
1 18 
4 25 19 4 6 
1 22 
4 22 13 14 21 
1 24 
1 24 
1 25 
1 21 
1 26 
2 16 25 
1 29 
2 1 11 
1 33 
3 8 17 3 
1 41 
1 15 
1 43 
3 12 3 4 
1 45 
3 16 3 15 
1 46 
2 13 21 
1 52 
3 0 1 19 
1 55 
1 12 
1 60 
3 26 20 23 
1 66 
3 10 5 6 
1 68 
2 25 7 
1 69 
2 1 7 
1 71 
2 5 22 
1 73 
2 9 15 
1 77 
2 17 26 
1 78 
1 19 
1 79 
1 2 
1 80 
3 2 11 5 
1 85 
2 10 22 
1 92 
2 5 6 
2 19 11 
1 25 
3 96 17 35 
1 4 
0.080000 22 
24 64 1 5 65 8 11 12 16 82 19 23 91 93 31 98 99 36 37 38 40 72 56 57 61 
1 1 
1 18 
1 5 
1 5 
1 8 
1 20 
1 11 
2 8 7 
1 12 
1 9 
1 19 
1 1 
1 23 
2 9 21 
1 31 
5 17 10 19 21 14 
1 36 
1 11 
1 37 
8 3 11 14 16 17 18 19 25 
1 38 
6 1 2 8 9 12 19 
1 40 
1 12 
1 56 
2 14 6 
1 57 
1 17 
1 61 
5 8 1 10 12 9 
1 72 
1 21 
1 82 
4 1 26 5 21 
1 91 
1 26 
1 98 
3 10 11 20 
1 99 
5 9 12 13 22 21 
2 16 65 
1 25 
2 64 93 
1 8 
-0.070000 46 
54 2 4 7 9 11 13 14 18 19 20 24 25 27 28 29 32 33 34 39 40 41 43 45 46 48 49 50 52 53 54 55 58 59 60 62 63 64 66 68 69 71 73 75 76 77 80 85 87 89 91 92 94 96 97 
1 2 
2 21 14 
1 4 
1 6 
1 7 
6 7 12 13 17 18 26 
1 9 
4 20 13 5 7 
1 11 
2 24 22 
1 14 
1 18 
1 18 
2 14 7 
1 19 
1 23 
1 25 
3 2 26 15 
1 28 
2 25 21 
1 29 
5 19 12 3 4 20 
1 32 
5 0 16 11 4 25 
1 33 
2 0 23 
1 34 
2 2 5 
1 40 
2 8 5 
1 41 
2 24 17 
1 45 
1 14 
1 46 
5 8 9 26 11 17 
1 49 
1 12 
1 50 
2 16 11 
1 52 
3 2 22 23 
1 54 
3 12 4 5 
1 59 
2 4 6 
1 60 
4 9 11 4 22 
1 62 
2 16 24 
1 63 
1 17 
1 64 
2 19 11 
1 66 
4 0 2 19 4 
1 68 
2 3 21 
1 69 
1 11 
1 71 
5 9 2 3 26 17 
1 77 
6 1 2 4 8 10 16 
1 80 
5 0 16 12 21 17 
1 85 
5 9 17 13 14 15 
1 87 
1 7 
1 91 
3 0 19 11 
1 92 
2 8 22 
1 94 
3 24 9 22 
1 96 
2 11 6 
1 97 
1 19 
2 58 20 
1 20 
2 24 73 
1 21 
2 89 39 
1 25 
2 75 43 
1 2 
2 48 76 
1 5 
4 55 27 13 53 
1 22 
0.120000 3 
3 82 37 61 
1 82 
1 22 
1 37 
2 24 22 
1 61 
3 24 11 4 
0.130000 3 
3 82 61 23 
1 82 
5 9 18 12 14 7 
1 61 
2 25 14 
1 23 
1 26 
-0.010000 71 
75 0 3 4 5 6 7 8 9 10 12 13 14 15 16 17 19 20 21 22 24 25 27 28 30 32 33 34 35 36 39 40 41 43 44 46 47 48 49 50 51 53 54 56 58 59 60 62 63 65 66 67 69 70 72 73 74 75 76 77 81 83 84 86 87 88 89 90 91 92 93 94 95 96 97 98 
1 0 
3 2 10 15 
1 3 
5 1 2 22 6 7 
1 4 
3 8 9 2 
1 5 
3 25 11 13 
1 6 
5 9 2 19 10 6 
1 7 
3 0 2 22 
1 8 
5 0 1 12 14 25 
1 9 
2 16 17 
1 10 
4 23 13 6 7 
1 12 
1 5 
1 13 
2 1 9 
1 14 
1 11 
1 15 
4 17 18 20 13 
1 16 
1 19 
1 17 
1 13 
1 19 
3 20 4 14 
1 20 
2 25 4 
1 22 
1 2 
1 24 
2 8 25 
1 27 
2 9 17 
1 28 
3 16 18 14 
1 30 
3 0 3 21 
1 32 
4 24 20 12 14 
1 33 
4 24 9 14 15 
1 34 
3 3 12 23 
1 35 
3 0 9 11 
1 36 
2 22 7 
1 39 
2 19 4 
1 40 
4 0 1 16 17 
1 41 
2 18 20 
1 43 
3 1 6 25 
1 44 
5 8 24 26 20 7 
1 46 
1 3 
1 47 
3 0 2 14 
1 49 
2 24 19 
1 50 
1 1 
1 51 
2 2 19 
1 54 
5 18 19 20 14 15 
1 56 
2 26 20 
1 58 
2 10 5 
1 59 
4 2 12 22 7 
1 60 
2 24 17 
1 62 
2 13 6 
1 63 
5 18 3 20 26 15 
1 65 
8 3 4 8 13 14 16 21 24 
1 66 
4 16 26 12 22 
1 67 
5 16 9 19 12 21 
1 69 
5 18 23 12 21 15 
1 70 
4 25 18 11 7 
1 73 
1 17 
1 74 
5 0 20 26 12 21 
1 75 
3 0 24 25 
1 76 
2 10 13 
1 77 
3 25 18 21 
1 81 
2 18 22 
1 83 
2 21 7 
1 86 
1 6 
1 87 
3 10 3 26 
1 88 
4 25 11 4 15 
1 89 
1 10 
1 90 
5 11 17 10 3 7 
1 91 
1 14 
1 92 
1 25 
1 93 
1 12 
1 95 
6 1 5 7 16 21 24 
1 97 
2 9 12 
1 98 
1 4 
2 21 94 
2 11 3 
2 25 53 
1 7 
2 48 96 
1 9 
2 72 84 
1 8 
0.030000 58 
63 0 1 3 5 6 8 12 13 14 16 17 19 20 21 23 24 27 28 30 31 34 35 36 37 38 39 40 42 44 47 49 50 51 54 56 57 58 59 62 64 65 66 67 69 70 72 74 75 76 78 81 83 84 86 87 88 89 90 91 93 95 98 99 
1 0 
4 8 9 5 24 
1 1 
4 3 20 13 14 
1 3 
1 21 
1 5 
2 0 4 
1 6 
3 8 5 14 
1 8 
2 24 26 
1 12 
3 18 12 26 
1 13 
2 0 11 
1 14 
2 10 5 
1 16 
4 8 24 13 21 
1 17 
3 19 12 14 
1 19 
2 3 15 
1 20 
4 0 17 12 22 
1 21 
2 10 23 
1 23 
1 16 
1 27 
1 0 
1 28 
3 2 10 5 
1 30 
2 4 22 
1 31 
5 0 24 2 3 6 
1 36 
4 9 2 20 17 
1 37 
1 10 
1 38 
6 0 3 11 14 16 18 
1 39 
4 8 1 2 7 
1 40 
4 19 24 3 22 
1 42 
4 3 12 5 22 
1 44 
3 2 18 15 
1 47 
3 9 18 25 
1 49 
4 2 11 4 18 
1 51 
2 12 23 
1 54 
1 23 
1 56 
4 8 24 4 13 
1 57 
2 26 11 
1 58 
4 16 24 12 6 
1 65 
6 6 10 11 19 22 26 
1 66 
1 24 
1 67 
1 18 
1 69 
1 26 
1 70 
3 17 3 15 
1 72 
5 0 16 10 18 6 
1 74 
4 17 11 14 25 
1 75 
3 26 11 23 
1 76 
2 19 12 
1 78 
1 2 
1 81 
3 16 1 12 
1 83 
5 16 24 26 20 15 
1 84 
5 17 18 3 6 7 
1 86 
1 7 
1 88 
3 24 26 22 
1 89 
3 19 20 14 
1 90 
2 4 5 
1 91 
3 23 12 7 
1 93 
3 3 13 23 
1 95 
1 20 
1 99 
3 19 20 7 
2 24 62 
1 1 
2 64 50 
1 6 
2 98 59 
1 9 
3 34 35 87 
1 19 
-0.150000 3 
3 2 53 54 
1 2 
1 10 
1 53 
1 21 
1 54 
1 1 
0.010000 66 
75 0 1 3 4 5 6 8 10 11 13 14 15 16 17 18 19 20 21 23 24 25 26 27 28 30 34 35 37 38 39 40 41 44 47 48 49 50 51 53 54 55 56 57 58 59 60 62 63 64 65 67 69 70 72 73 74 75 76 78 79 81 83 84 85 86 87 88 89 90 91 92 93 97 98 99 
1 0 
3 16 26 13 
1 1 
2 24 26 
1 3 
2 25 4 
1 4 
3 1 23 15 
1 8 
2 8 2 
1 10 
2 3 14 
1 11 
2 10 15 
1 13 
2 17 21 
1 15 
1 6 
1 16 
3 20 18 12 
1 17 
1 17 
1 18 
1 20 
1 19 
1 9 
1 20 
2 2 3 
1 21 
3 16 25 12 
1 24 
3 14 6 7 
1 27 
5 8 15 11 16 7 
1 28 
2 13 7 
1 30 
2 16 23 
1 34 
4 9 22 13 14 
1 35 
3 20 6 15 
1 38 
1 21 
1 39 
2 5 15 
1 40 
2 10 14 
1 44 
6 0 1 13 16 21 23 
1 47 
3 24 13 21 
1 49 
3 10 22 6 
1 50 
2 3 5 
1 51 
6 1 8 11 13 20 24 
1 53 
2 1 6 
1 54 
3 17 26 22 
1 55 
2 0 5 
1 57 
4 1 2 14 9 
1 58 
6 1 15 18 19 25 26 
1 59 
3 25 21 15 
1 60 
1 15 
1 63 
4 0 1 11 8 
1 64 
3 16 14 7 
1 65 
2 2 15 
1 67 
1 2 
1 70 
3 9 26 14 
1 72 
4 15 4 13 7 
1 74 
1 13 
1 76 
3 8 4 21 
1 78 
4 8 4 13 21 
1 81 
3 19 13 7 
1 83 
3 25 22 6 
1 84 
2 13 21 
1 85 
1 4 
1 87 
3 17 2 13 
1 88 
2 20 12 
1 89 
3 16 2 6 
1 90 
4 1 25 13 9 
1 91 
2 16 17 
1 92 
1 24 
1 93 
7 0 2 10 18 19 20 26 
1 97 
2 1 2 
1 98 
2 0 23 
1 99 
1 1 
2 5 69 
2 16 22 
2 62 6 
1 3 
2 14 79 
1 14 
3 25 26 23 
1 0 
2 48 75 
2 14 6 
2 56 86 
1 22 
3 73 37 41 
1 26 
-0.090000 32 
36 2 5 9 11 14 16 17 19 25 26 27 29 32 33 34 41 43 45 46 50 52 53 54 55 60 62 68 69 71 77 80 83 85 92 96 98 
1 2 
2 17 18 
1 9 
4 11 2 3 22 
1 14 
3 24 25 23 
1 19 
3 26 21 22 
1 25 
2 8 25 
1 27 
1 20 
1 29 
4 0 17 22 25 
1 32 
2 21 6 
1 33 
1 16 
1 34 
2 8 6 
1 41 
1 12 
1 45 
3 8 9 19 
1 50 
2 25 14 
1 52 
3 12 5 13 
1 53 
4 17 12 14 25 
1 54 
1 2 
1 55 
3 9 23 15 
1 60 
1 7 
1 62 
1 25 
1 68 
3 0 12 23 
1 69 
2 8 5 
1 71 
5 10 18 13 6 15 
1 77 
1 9 
1 83 
2 0 3 
1 85 
1 24 
1 92 
2 23 15 
1 96 
1 14 
1 98 
1 6 
2 26 5 
1 21 
2 80 11 
1 19 
2 16 46 
2 1 2 
2 17 43 
1 0 
0.090000 19 
22 64 1 5 76 11 12 13 14 17 82 19 84 23 95 98 99 36 37 38 42 31 61 
1 1 
6 0 4 5 8 11 21 
1 13 
1 6 
1 14 
1 4 
1 17 
1 24 
1 23 
4 3 20 14 23 
1 31 
1 7 
1 36 
1 8 
1 37 
3 8 15 7 
1 38 
2 5 15 
1 42 
2 15 7 
1 61 
6 7 16 20 21 23 26 
1 64 
1 0 
1 76 
1 25 
1 82 
2 13 6 
1 84 
1 11 
1 95 
1 15 
1 99 
3 24 25 18 
2 98 12 
1 19 
3 11 19 5 
1 2 
0.150000 1 
1 61 
1 61 
1 13 
-0.040000 59 
68 0 2 3 4 6 7 10 11 13 14 15 17 18 20 21 22 24 25 26 27 28 29 32 33 34 35 39 41 43 44 45 46 47 48 51 52 53 54 55 58 59 60 62 63 64 66 67 68 69 70 74 75 76 77 78 79 80 83 85 86 87 88 89 91 92 94 96 97 
1 0 
1 23 
1 3 
3 8 16 13 
1 4 
3 17 10 7 
1 6 
3 0 22 23 
1 10 
3 26 20 22 
1 13 
1 24 
1 14 
1 21 
1 15 
4 8 9 12 23 
1 20 
3 26 13 7 
1 21 
3 2 5 14 
1 22 
3 8 24 18 
1 24 
5 17 18 3 26 22 
1 25 
3 17 10 5 
1 26 
6 3 5 15 19 22 23 
1 27 
5 24 25 19 4 23 
1 28 
2 19 20 
1 29 
2 8 24 
1 32 
3 10 19 18 
1 35 
2 5 14 
1 39 
2 22 23 
1 41 
2 14 7 
1 43 
3 8 16 21 
1 44 
4 9 10 22 17 
1 45 
3 24 1 6 
1 46 
3 16 10 12 
1 47 
2 3 5 
1 48 
2 17 10 
1 51 
2 18 21 
1 52 
3 9 18 15 
1 54 
3 8 10 11 
1 55 
2 24 14 
1 58 
1 22 
1 59 
1 5 
1 60 
3 16 25 14 
1 62 
4 9 10 4 12 
1 63 
3 10 5 7 
1 64 
1 20 
1 66 
1 9 
1 67 
2 13 15 
1 70 
3 2 12 13 
1 74 
3 8 24 15 
1 75 
2 18 4 
1 78 
4 20 26 12 22 
1 83 
2 17 23 
1 86 
3 9 18 14 
1 87 
3 8 4 21 
1 88 
1 3 
1 89 
2 26 7 
1 91 
2 9 2 
1 94 
3 18 13 14 
1 96 
2 12 23 
1 97 
3 24 17 15 
2 17 18 
1 10 
2 33 92 
2 18 12 
2 34 77 
1 11 
2 53 85 
1 19 
2 80 68 
1 8 
3 11 76 7 
1 14 
3 2 69 79 
1 6 
-0.080000 43 
52 2 3 4 5 7 9 11 14 15 16 17 18 22 24 25 26 29 32 33 34 35 40 41 43 46 47 49 50 52 54 55 60 62 64 66 68 69 71 73 76 77 78 79 80 85 87 89 91 92 94 96 98 
1 2 
4 0 24 5 7 
1 3 
1 5 
1 4 
3 18 13 21 
1 5 
1 18 
1 7 
2 8 5 
1 9 
1 21 
1 16 
2 0 3 
1 17 
1 3 
1 25 
1 13 
1 26 
2 12 4 
1 29 
2 26 7 
1 32 
3 1 5 9 
1 33 
2 1 22 
1 35 
1 8 
1 41 
2 21 22 
1 43 
2 13 14 
1 46 
4 24 20 22 7 
1 49 
1 25 
1 50 
2 24 20 
1 52 
2 25 10 
1 55 
3 17 20 21 
1 60 
2 13 21 
1 62 
1 14 
1 66 
1 11 
1 68 
4 10 4 18 14 
1 69 
1 2 
1 71 
3 12 11 4 
1 73 
3 0 24 2 
1 76 
2 0 2 
1 78 
1 23 
1 79 
2 9 15 
1 80 
3 18 26 13 
1 91 
1 1 
1 92 
4 16 26 13 14 
1 94 
2 26 12 
1 96 
2 0 13 
1 98 
3 16 24 15 
2 11 14 
2 26 20 
2 24 77 
1 19 
2 40 54 
1 7 
2 87 47 
1 6 
3 18 85 22 
1 26 
4 64 89 34 15 
1 24 
-0.030000 67 
75 0 3 4 5 6 7 9 10 11 12 13 14 15 16 17 18 19 20 21 22 24 25 26 27 28 29 32 33 34 35 39 40 41 43 44 45 46 47 48 49 51 52 53 54 55 58 59 60 62 63 64 66 67 69 70 73 74 75 77 78 79 80 83 85 86 87 88 89 90 91 94 95 96 97 98 
1 3 
1 23 
1 4 
2 16 11 
1 5 
3 26 19 14 
1 6 
3 24 1 12 
1 7 
2 25 11 
1 9 
6 0 9 10 23 25 26 
1 10 
3 8 9 2 
1 11 
3 16 21 23 
1 12 
1 6 
1 13 
2 16 10 
1 14 
1 22 
1 15 
5 25 10 26 22 14 
1 16 
3 9 14 6 
1 18 
4 9 2 18 22 
1 20 
2 16 23 
1 22 
5 16 12 10 4 17 
1 24 
1 11 
1 25 
2 11 4 
1 26 
6 1 2 6 13 18 20 
1 28 
2 17 22 
1 29 
2 6 15 
1 32 
5 23 26 3 13 7 
1 33 
2 13 21 
1 34 
1 0 
1 35 
1 1 
1 39 
4 24 12 13 14 
1 40 
2 26 15 
1 43 
2 10 22 
1 44 
1 14 
1 47 
6 1 4 7 8 15 17 
1 48 
5 0 24 4 22 25 
1 49 
2 3 15 
1 51 
2 17 5 
1 52 
1 24 
1 53 
2 2 4 
1 55 
2 1 26 
1 58 
1 13 
1 59 
2 1 14 
1 60 
4 8 19 18 3 
1 62 
6 0 5 7 11 21 23 
1 63 
3 12 4 23 
1 64 
4 9 21 13 15 
1 66 
3 25 20 23 
1 67 
4 3 4 5 22 
1 69 
3 24 19 13 
1 70 
6 0 1 6 8 16 23 
1 73 
4 16 18 11 7 
1 75 
2 22 7 
1 77 
2 3 22 
1 78 
2 17 10 
1 79 
2 8 21 
1 83 
2 9 13 
1 85 
2 8 7 
1 86 
3 20 4 21 
1 87 
2 23 15 
1 88 
2 0 14 
1 90 
2 24 6 
1 91 
3 8 10 20 
1 94 
2 0 17 
1 97 
2 25 3 
1 98 
3 25 26 22 
2 0 21 
1 17 
2 17 46 
1 5 
2 96 19 
1 10 
3 27 45 54 
1 21 
2 80 89 
2 9 23 
3 41 74 95 
1 2 
-0.130000 11 
13 96 2 68 71 73 18 45 50 66 55 92 29 53 
1 96 
1 2 
1 2 
3 25 12 22 
1 71 
2 19 23 
1 18 
1 8 
1 45 
3 25 4 22 
1 50 
1 23 
1 55 
1 19 
1 68 
2 19 13 
1 92 
1 10 
2 73 66 
1 1 
2 53 29 
1 18 
0.140000 2 
2 82 61 
1 82 
3 0 19 20 
1 61 
1 5 
-0.020000 65 
74 0 3 4 5 7 8 9 10 11 12 13 14 16 17 19 20 21 22 24 25 26 28 30 32 33 35 36 39 40 41 43 44 47 48 49 50 51 53 54 55 58 59 60 62 63 64 67 69 70 72 73 74 75 76 77 78 79 80 81 83 85 86 87 88 89 90 91 92 93 94 95 96 97 98 
1 0 
3 12 6 7 
1 4 
5 19 20 26 3 12 
1 5 
3 9 3 17 
1 7 
3 10 19 4 
1 9 
2 24 14 
1 10 
5 24 12 11 4 15 
1 11 
2 17 18 
1 12 
1 2 
1 13 
5 25 2 20 26 15 
1 14 
1 15 
1 17 
2 20 6 
1 21 
1 9 
1 22 
5 1 3 20 6 7 
1 24 
2 10 23 
1 25 
3 9 3 12 
1 26 
3 24 9 17 
1 30 
1 24 
1 33 
5 19 10 11 4 7 
1 35 
2 3 13 
1 36 
2 25 15 
1 39 
3 17 10 6 
1 40 
3 2 13 23 
1 43 
5 23 11 20 5 7 
1 44 
4 11 19 3 25 
1 48 
2 16 3 
1 49 
2 17 13 
1 50 
4 0 9 4 15 
1 51 
2 4 15 
1 53 
4 8 9 11 5 
1 58 
4 9 23 21 17 
1 59 
2 16 13 
1 60 
3 10 12 5 
1 62 
3 17 26 20 
1 63 
3 16 25 21 
1 64 
2 25 22 
1 67 
2 25 6 
1 69 
2 9 10 
1 70 
1 22 
1 72 
1 17 
1 73 
2 19 23 
1 74 
1 10 
1 76 
2 9 23 
1 79 
4 16 17 26 19 
1 81 
2 2 26 
1 83 
3 19 10 11 
1 85 
2 2 5 
1 86 
3 16 1 24 
1 87 
1 25 
1 88 
4 8 9 2 23 
1 89 
5 8 17 18 3 21 
1 90 
4 20 18 19 12 
1 91 
1 3 
1 92 
2 20 21 
1 93 
2 24 9 
1 94 
3 16 15 7 
1 95 
2 11 14 
1 96 
2 17 19 
1 97 
5 0 18 11 5 7 
2 98 3 
2 17 14 
2 16 75 
2 16 10 
2 19 47 
1 11 
3 32 20 28 
1 8 
2 41 55 
2 11 4 
2 80 77 
2 20 15 
3 8 54 78 
1 16 
-0.060000 57 
63 0 2 4 5 7 9 10 11 15 17 18 19 20 21 22 24 25 26 27 28 29 32 33 34 35 39 40 41 43 45 46 48 49 50 52 53 55 58 59 60 62 63 64 66 67 68 71 73 74 75 76 77 78 79 80 83 85 87 88 92 94 96 97 
1 0 
6 4 19 20 21 22 25 
1 4 
3 0 4 5 
1 5 
3 24 23 15 
1 7 
5 16 1 20 21 23 
1 9 
1 12 
1 10 
3 1 10 18 
1 11 
1 13 
1 15 
3 1 2 21 
1 17 
1 7 
1 18 
2 17 5 
1 20 
2 11 14 
1 21 
1 20 
1 22 
3 0 5 23 
1 24 
3 16 9 13 
1 25 
3 18 20 14 
1 27 
2 13 14 
1 28 
3 24 26 23 
1 29 
4 10 5 14 21 
1 32 
3 17 2 15 
1 34 
5 17 25 4 21 7 
1 35 
2 2 10 
1 40 
1 6 
1 41 
7 0 1 8 9 13 16 23 
1 43 
3 9 18 19 
1 45 
7 0 2 17 18 20 23 26 
1 46 
2 18 4 
1 48 
2 2 15 
1 50 
3 26 19 12 
1 52 
5 17 11 4 14 7 
1 53 
2 16 24 
1 58 
2 2 11 
1 59 
1 3 
1 60 
4 0 1 2 6 
1 63 
1 14 
1 64 
5 10 26 12 18 23 
1 66 
2 8 21 
1 67 
2 1 17 
1 68 
5 24 1 15 20 9 
1 71 
4 8 24 14 7 
1 73 
4 25 22 5 6 
1 74 
2 4 7 
1 76 
2 1 20 
1 77 
4 14 13 6 23 
1 78 
2 25 14 
1 79 
2 3 7 
1 80 
2 24 7 
1 83 
2 8 4 
1 85 
4 0 16 18 11 
1 87 
1 24 
1 92 
2 17 19 
1 94 
2 1 4 
1 96 
1 22 
2 2 19 
1 16 
2 33 75 
1 5 
2 49 39 
3 16 26 21 
2 88 62 
1 18 
3 97 26 55 
1 10 
0.050000 41 
46 1 3 5 6 8 11 12 13 14 16 17 20 21 23 24 30 31 35 36 37 39 40 42 44 47 49 51 56 57 58 67 69 72 76 78 79 81 84 86 87 88 91 93 95 96 99 
1 1 
6 1 10 12 15 17 25 
1 3 
1 19 
1 5 
1 6 
1 6 
2 25 13 
1 8 
4 10 21 18 7 
1 11 
2 4 5 
1 12 
3 11 4 15 
1 13 
3 18 3 7 
1 14 
1 7 
1 20 
2 6 15 
1 21 
5 24 19 4 13 21 
1 23 
3 19 22 6 
1 24 
1 2 
1 30 
4 14 18 5 6 
1 31 
4 16 18 11 5 
1 35 
3 25 21 23 
1 36 
6 0 5 6 13 14 23 
1 37 
4 9 2 12 6 
1 39 
1 0 
1 42 
6 0 1 13 14 16 25 
1 44 
1 4 
1 47 
1 22 
1 49 
2 1 23 
1 51 
1 16 
1 56 
4 23 2 3 15 
1 58 
1 8 
1 67 
2 10 11 
1 69 
1 20 
1 76 
2 6 7 
1 78 
1 5 
1 81 
2 9 14 
1 84 
4 9 12 20 15 
1 87 
2 0 20 
1 88 
3 17 5 6 
1 91 
2 21 15 
1 93 
3 5 14 21 
1 95 
2 9 22 
1 99 
2 17 6 
3 40 57 17 
1 21 
3 16 72 79 
1 23 
2 96 86 
1 26 
0.100000 10 
10 1 99 37 42 82 84 23 57 61 31 
1 1 
1 2 
1 99 
2 10 26 
1 37 
1 21 
1 42 
1 6 
1 82 
2 24 3 
1 84 
1 26 
1 23 
1 15 
1 57 
1 23 
1 61 
1 3 
1 31 
2 1 13 
0.020000 59 
65 0 1 3 4 5 8 10 11 12 13 14 15 16 17 19 20 21 23 24 27 28 30 33 34 35 36 38 39 40 42 47 48 49 50 51 55 56 57 58 59 62 63 64 65 67 69 70 72 74 75 76 78 81 83 84 86 87 88 89 90 91 93 95 96 97 
1 0 
2 0 3 
1 1 
3 16 9 6 
1 3 
2 26 15 
1 4 
1 24 
1 8 
3 3 4 13 
1 10 
2 16 19 
1 11 
2 11 12 
1 12 
3 17 22 14 
1 13 
2 12 23 
1 15 
3 0 3 15 
1 16 
1 7 
1 17 
1 16 
1 19 
2 17 7 
1 20 
2 1 21 
1 21 
4 1 18 6 7 
1 23 
2 1 4 
1 27 
3 2 12 5 
1 28 
2 9 15 
1 30 
4 1 26 11 13 
1 36 
2 16 18 
1 38 
6 6 13 17 22 25 26 
1 39 
2 11 3 
1 40 
3 9 18 25 
1 42 
4 11 20 21 23 
1 48 
4 8 26 21 23 
1 49 
4 9 20 14 7 
1 51 
6 3 6 7 10 25 26 
1 55 
2 8 7 
1 56 
5 0 18 12 5 21 
1 57 
6 0 3 4 20 22 25 
1 58 
2 4 7 
1 59 
5 8 17 10 19 20 
1 63 
3 24 2 22 
1 64 
1 17 
1 65 
6 1 5 7 12 17 20 
1 67 
2 24 26 
1 70 
5 24 10 19 5 21 
1 72 
5 9 2 19 26 22 
1 75 
3 17 19 21 
1 76 
3 16 22 15 
1 78 
2 0 15 
1 81 
6 3 6 10 11 23 25 
1 84 
4 24 2 22 14 
1 86 
3 2 19 13 
1 87 
3 16 12 22 
1 88 
2 21 7 
1 89 
2 1 12 
1 90 
2 0 14 
1 91 
3 22 5 6 
1 93 
3 16 6 7 
1 95 
4 10 26 6 23 
1 96 
3 25 18 15 
1 97 
2 4 13 
2 24 5 
1 20 
2 74 14 
1 3 
2 33 69 
1 25 
2 34 83 
1 18 
2 35 47 
1 26 
2 50 62 
1 2 
-0.120000 18 
18 2 69 71 73 79 80 17 18 83 92 29 96 45 46 50 52 53 54 
1 96 
3 8 3 5 
1 2 
5 8 1 2 4 23 
1 50 
2 21 22 
1 69 
2 0 4 
1 71 
2 16 1 
1 73 
1 10 
1 45 
2 11 13 
1 46 
1 14 
1 79 
1 0 
1 80 
3 1 10 4 
1 17 
1 2 
1 18 
2 21 15 
1 83 
2 2 5 
1 52 
1 21 
1 53 
2 20 15 
1 54 
1 3 
1 92 
2 1 7 
1 29 
1 23 
-0.110000 22 
25 2 68 71 73 77 79 80 17 18 83 66 22 25 26 92 29 94 45 46 50 52 53 54 55 85 
1 2 
3 19 20 15 
1 18 
2 1 3 
1 25 
1 16 
1 26 
1 26 
1 29 
2 16 13 
1 45 
2 5 7 
1 50 
3 17 18 13 
1 53 
3 10 26 13 
1 55 
1 13 
1 66 
1 7 
1 68 
3 16 17 11 
1 71 
2 0 21 
1 73 
3 12 4 14 
1 77 
1 0 
1 79 
3 1 4 5 
1 80 
2 14 6 
1 85 
3 25 21 23 
1 92 
4 0 9 3 11 
1 94 
3 20 21 23 
2 17 83 
1 1 
2 46 22 
1 19 
2 52 54 
1 6 
0.070000 34 
41 1 3 5 8 11 12 14 17 21 23 28 30 31 36 37 38 40 42 49 56 57 58 59 61 64 72 74 78 81 82 84 87 88 89 90 91 93 95 96 98 99 
1 1 
2 22 23 
1 3 
1 9 
1 8 
2 17 15 
1 14 
4 8 1 2 6 
1 17 
4 25 26 22 15 
1 21 
1 15 
1 23 
3 24 12 5 
1 28 
2 3 4 
1 30 
2 8 9 
1 31 
2 26 20 
1 37 
3 0 4 13 
1 40 
1 20 
1 42 
4 17 10 4 18 
1 49 
1 5 
1 57 
3 10 12 18 
1 58 
1 3 
1 59 
1 26 
1 61 
5 0 17 2 22 6 
1 64 
2 3 5 
1 72 
4 20 3 12 14 
1 78 
2 6 7 
1 82 
2 8 2 
1 87 
1 18 
1 88 
1 16 
1 89 
2 11 5 
1 90 
1 8 
1 93 
3 17 25 15 
1 98 
3 1 2 18 
1 99 
2 14 23 
2 56 5 
1 7 
2 81 36 
1 4 
2 74 84 
1 19 
3 11 12 95 
1 0 
3 96 91 38 
1 24 
