20 400 18
0.000000 93 
20 0 1 2 3 4 5 6 7 8 9 10 11 12 13 14 15 16 17 18 19 
2 4 5 
17 35 165 198 39 264 265 202 43 335 200 163 254 297 88 239 220 62 
2 0 1 
15 67 260 5 168 74 75 77 237 180 310 340 218 379 124 58 
3 0 1 8 
6 355 106 15 145 339 287 
2 2 3 
13 192 256 169 298 268 398 147 20 343 248 249 394 287 
3 2 3 4 
8 320 36 236 235 204 269 315 95 
2 5 6 
12 1 68 124 266 143 304 209 51 214 153 188 394 
2 9 7 
8 160 386 35 37 7 299 279 155 
2 6 7 
12 196 102 296 169 203 205 238 50 115 148 297 251 
3 10 6 7 
6 294 307 114 19 375 219 
2 8 9 
14 2 75 68 70 332 171 172 334 17 20 54 186 317 223 
3 8 9 11 
7 104 371 76 205 147 278 121 
3 10 11 12 
6 363 8 299 368 209 346 
2 13 14 
12 390 294 252 239 304 273 54 217 250 86 29 63 
3 16 12 13 
7 4 262 297 170 208 202 350 
2 17 15 
9 194 144 369 210 215 89 26 249 223 
2 14 15 
15 352 163 356 40 297 140 13 379 355 131 374 329 154 315 351 
3 8 14 15 
6 387 103 46 303 341 348 
3 16 17 4 
8 128 244 42 76 272 148 341 84 
2 0 18 
10 259 230 198 264 105 235 334 338 358 159 
3 3 18 19 
6 0 225 325 203 211 319 
2 0 2 
6 98 232 312 242 84 344 
3 0 2 19 
7 144 44 142 240 146 246 90 
2 1 5 
6 2 291 38 296 72 114 
2 1 3 
5 160 372 332 341 206 
3 1 18 3 
6 387 45 79 23 121 63 
2 10 6 
11 0 100 108 364 269 78 305 252 215 26 220 
2 11 7 
12 322 359 360 9 398 175 208 117 248 91 92 127 
2 9 12 
8 224 98 199 136 12 301 50 149 
2 10 11 
20 353 35 4 293 70 263 72 169 103 395 268 356 180 17 20 171 233 36 347 357 
3 8 10 11 
6 101 262 391 266 331 71 
2 16 13 
9 66 323 10 300 355 118 375 92 159 
2 17 14 
11 235 68 389 73 299 301 240 242 87 69 31 
2 12 13 
22 0 391 11 140 146 148 157 30 160 291 166 167 349 51 180 76 80 211 215 218 221 243 
3 1 12 13 
6 192 137 337 115 56 315 
2 4 15 
6 67 360 336 149 312 186 
2 16 17 
8 385 261 230 353 265 171 248 218 
3 16 17 8 
6 258 326 45 125 24 157 
2 0 3 
12 32 224 163 97 73 48 241 214 215 24 59 349 
2 2 5 
8 194 3 132 299 77 131 395 31 
2 2 19 
4 185 347 301 93 
3 16 2 19 
6 162 260 295 189 377 29 
2 18 19 
19 256 3 133 327 8 138 55 332 13 367 273 178 19 373 183 281 314 255 101 
3 11 18 19 
6 128 231 271 148 276 124 
2 19 7 
6 384 328 42 141 206 210 
2 18 6 
6 36 134 145 52 345 157 
2 10 12 
13 129 162 3 260 228 33 41 194 240 341 247 57 223 
1 9 
25 394 268 269 399 146 276 21 22 281 31 180 185 58 321 201 82 219 352 233 236 369 372 118 148 379 
2 9 18 
7 356 329 395 78 374 343 350 
2 1 14 
12 19 386 36 357 371 204 354 78 207 307 292 190 
2 8 15 
6 170 308 245 27 234 191 
2 16 4 
7 195 6 359 246 378 61 190 
2 0 19 
6 197 294 136 363 396 149 
2 11 3 
11 66 358 326 200 105 362 81 218 27 157 158 
2 2 12 
8 265 176 339 340 182 87 284 255 
1 5 
31 259 7 9 140 13 142 17 147 23 27 28 41 183 60 63 196 71 330 205 208 83 14 227 358 231 233 240 243 372 121 127 
2 5 7 
6 73 300 45 241 347 30 
2 1 6 
8 320 257 263 268 270 336 49 383 
1 10 
32 384 258 7 172 138 396 386 146 22 155 287 291 168 44 301 174 178 54 184 186 394 325 73 335 80 338 234 235 274 112 241 381 
2 10 18 
7 390 135 75 173 177 83 212 
1 13 
21 96 321 130 155 325 103 42 171 44 13 141 370 269 251 312 116 186 27 220 125 158 
2 11 13 
6 164 203 270 47 18 249 
2 8 17 
6 134 139 239 368 273 344 
2 17 13 
8 97 196 39 200 169 85 22 216 
3 8 17 13 
7 257 330 206 241 23 90 28 
2 16 14 
7 2 264 306 382 314 316 286 
2 3 15 
7 384 96 171 109 238 280 159 
1 4 
28 257 262 137 11 277 22 160 162 292 37 172 175 309 57 187 193 328 74 185 216 89 224 98 101 44 368 373 251 
2 8 4 
9 66 164 167 302 367 179 342 215 222 
1 0 
26 128 267 269 399 16 17 20 28 289 167 41 304 178 311 314 316 319 199 85 273 361 236 369 243 117 118 
1 14 
31 395 271 272 146 174 30 32 37 302 176 305 52 326 74 80 81 218 91 93 350 293 208 98 229 102 104 365 373 376 121 122 
2 0 14 
6 99 205 248 378 123 62 
1 19 
24 257 4 12 274 24 282 91 43 313 317 196 333 80 86 215 219 349 223 96 238 239 120 249 127 
2 11 19 
10 288 320 389 330 143 51 88 15 94 69 
1 2 
27 129 386 262 385 138 19 152 154 37 38 391 56 188 191 70 327 202 76 207 336 209 82 346 350 390 375 125 
2 2 11 
7 65 226 388 134 115 222 383 
1 17 
27 1 131 135 392 108 266 140 147 284 288 48 294 41 304 310 313 318 322 324 329 83 212 343 88 356 236 126 
2 17 12 
6 320 227 5 49 213 309 
1 7 
19 144 162 323 278 246 39 232 76 34 302 272 310 355 54 216 90 93 126 229 
2 1 7 
7 258 202 173 110 335 212 10 
1 6 
21 256 289 67 101 198 199 200 265 255 288 303 20 53 120 185 250 283 348 253 380 85 
1 11 
32 387 214 6 136 139 140 277 29 295 170 176 308 58 316 63 324 201 74 204 342 344 221 351 98 230 237 366 369 244 374 382 21 
2 11 6 
7 106 267 119 377 59 284 190 
1 18 
35 130 5 137 139 322 365 147 25 156 35 296 298 171 176 305 310 312 64 194 76 207 213 87 220 222 354 100 362 364 109 110 275 382 375 126 
1 3 
23 1 135 12 145 293 297 61 175 181 54 317 321 71 333 338 102 111 112 370 245 376 250 252 
2 18 3 
7 195 68 266 300 46 368 318 
1 16 
30 3 263 399 259 20 281 154 161 296 298 173 303 177 53 55 289 204 79 336 338 207 228 357 358 380 387 112 372 124 143 
1 1 
29 385 130 4 389 392 394 275 152 285 33 290 164 165 42 301 308 186 189 191 69 331 209 213 342 343 217 94 100 170 
2 16 1 
9 64 360 398 113 276 150 279 184 254 
1 15 
20 129 226 107 388 161 8 42 363 255 381 337 50 20 279 225 84 298 247 362 95 
2 12 15 
8 34 133 232 334 244 14 253 94 
1 8 
34 393 10 16 19 26 158 291 177 300 305 178 307 52 30 53 319 69 198 327 73 333 80 220 250 359 364 365 112 370 117 249 378 123 380 
1 12 
24 261 397 278 151 285 286 289 40 43 183 316 62 328 332 77 214 93 354 99 106 110 119 248 121 
2 8 12 
6 197 79 242 25 189 127 
0.500000 16 
16 0 1 2 3 4 6 7 10 12 13 14 15 16 17 18 19 
1 0 
2 281 91 
1 1 
4 161 26 60 55 
1 2 
2 369 122 
1 3 
2 92 86 
1 4 
5 330 27 387 325 334 
1 6 
3 354 295 159 
1 7 
4 88 89 344 225 
1 10 
1 74 
1 12 
3 154 302 54 
1 13 
1 179 
1 14 
4 97 335 310 295 
1 15 
2 179 183 
1 16 
3 33 51 345 
1 17 
3 378 347 270 
1 18 
1 262 
1 19 
2 297 154 
0.200000 31 
20 0 1 2 3 4 5 6 7 8 9 10 11 12 13 14 15 16 17 18 19 
1 11 
23 257 259 5 12 145 149 22 25 28 49 56 60 318 245 75 340 235 238 112 370 62 122 255 
1 13 
39 384 386 387 389 264 393 392 12 398 19 149 24 162 176 49 52 53 55 59 188 61 324 197 198 396 75 205 213 353 227 101 359 108 237 113 114 371 248 383 
1 18 
24 385 258 132 261 10 2 24 155 389 163 47 179 54 184 189 201 204 77 344 347 348 246 120 379 
1 19 
39 132 279 153 158 159 290 292 293 166 167 40 300 304 49 308 309 310 311 312 321 67 68 70 71 200 201 338 227 212 342 346 220 97 226 99 233 244 119 123 
1 0 
21 326 51 35 292 293 262 359 265 266 299 12 271 18 172 300 171 297 100 38 330 42 
1 5 
35 385 386 391 64 139 399 24 20 21 22 152 29 34 164 298 49 50 222 54 185 320 74 82 86 87 216 350 354 357 230 103 235 242 115 251 
2 0 5 
9 0 389 203 210 275 277 150 26 189 
1 1 
27 136 396 269 272 273 20 24 32 347 37 171 306 175 178 316 71 328 201 219 92 224 327 361 362 112 378 253 
1 3 
34 259 4 390 141 399 17 18 275 150 152 35 165 168 41 42 177 180 185 187 190 191 126 213 87 344 226 103 366 373 120 123 124 254 383 
2 1 3 
7 230 329 50 179 377 154 346 
1 4 
33 384 129 260 390 392 10 12 144 20 26 283 28 300 301 305 306 188 189 65 196 331 83 212 217 221 350 99 358 60 237 111 241 242 
2 2 4 
6 105 170 110 79 50 310 
1 6 
34 258 259 5 135 141 146 147 156 160 42 299 308 183 313 314 61 319 193 194 328 338 91 131 104 105 107 237 241 246 247 378 298 381 127 
2 6 7 
8 132 204 43 332 242 218 189 95 
1 8 
29 0 259 388 5 264 140 149 296 299 301 304 180 310 311 312 58 315 62 320 65 322 199 219 224 354 240 244 247 383 
1 12 
27 256 386 390 394 153 32 347 44 52 53 195 203 254 91 226 360 234 235 364 237 112 370 117 376 123 124 382 
2 8 12 
6 374 204 369 118 152 159 
1 9 
36 128 256 258 3 133 134 257 9 142 272 273 259 25 286 296 304 51 57 188 194 325 328 212 341 342 92 94 96 357 103 124 106 238 122 123 252 
2 16 9 
6 74 107 108 397 144 274 
1 10 
30 13 399 272 275 276 25 288 42 49 312 192 196 69 205 337 339 84 85 91 349 95 227 105 106 107 365 110 239 370 378 
2 17 10 
7 104 398 181 377 348 190 319 
1 14 
29 384 385 3 399 280 23 24 33 290 291 47 178 182 184 244 188 189 318 336 84 215 90 92 222 227 230 231 372 245 
1 16 
26 0 11 12 21 288 167 43 349 49 52 54 62 320 72 330 75 210 221 99 234 365 370 117 374 250 381 
2 16 14 
6 67 175 48 313 220 95 
1 15 
23 385 9 397 147 30 325 49 318 319 197 76 79 82 340 85 219 350 358 361 113 117 246 250 
2 2 15 
7 145 275 276 311 184 121 124 
1 17 
30 387 46 175 29 33 34 40 174 303 186 187 191 195 197 290 86 221 228 101 102 361 109 371 285 374 120 121 127 382 149 
2 17 7 
6 32 100 72 366 367 271 
1 2 
26 0 128 387 139 399 156 289 293 40 45 303 179 53 71 329 74 203 214 89 94 227 356 104 233 365 112 
1 7 
27 6 392 265 138 395 20 24 26 31 165 38 266 134 325 70 80 337 83 220 349 352 166 369 372 373 377 123 
2 2 7 
6 324 133 137 239 116 190 
0.100000 69 
20 0 1 2 3 4 5 6 7 8 9 10 11 12 13 14 15 16 17 18 19 
2 0 1 
8 31 9 365 370 119 27 125 95 
2 2 3 
13 2 330 354 140 322 270 304 305 306 174 379 253 223 
2 4 5 
18 256 75 197 166 199 380 171 396 397 15 229 145 211 184 249 191 70 293 
2 6 7 
12 129 195 261 40 329 330 75 179 86 371 379 357 
2 8 9 
14 67 102 360 275 396 173 14 207 195 270 251 154 347 221 
2 10 11 
13 323 167 361 327 397 206 45 144 273 150 151 90 254 
2 12 13 
15 161 290 36 7 329 231 238 399 381 373 233 377 26 335 58 
2 14 15 
10 160 130 38 394 125 45 349 177 88 285 
2 16 17 
14 256 192 354 379 198 38 7 233 199 44 224 211 185 219 
2 18 19 
12 289 232 9 270 208 337 20 41 280 372 284 248 
2 0 2 
10 352 325 263 201 247 143 278 55 120 60 
2 1 3 
7 3 231 264 14 53 345 153 
2 4 6 
11 2 389 243 77 46 48 56 210 339 152 29 
2 8 5 
12 353 321 328 169 12 174 276 57 279 84 190 373 
2 9 7 
8 66 36 226 303 240 245 280 143 
2 10 12 
10 193 134 264 9 236 304 296 82 200 222 
2 11 13 
11 256 64 34 225 168 107 332 258 341 57 156 
2 16 14 
12 100 179 8 201 200 275 22 216 249 59 317 101 
2 17 15 
8 292 293 390 295 302 81 180 222 
2 0 18 
9 384 164 40 324 206 82 22 313 158 
2 3 19 
8 64 395 296 299 77 334 340 378 
2 1 2 
6 321 66 97 380 61 351 
2 8 4 
9 261 135 47 337 51 372 150 55 124 
2 5 6 
10 290 323 324 76 93 221 374 4 92 349 
2 10 7 
8 320 98 267 340 213 23 185 285 
2 16 9 
8 73 139 206 307 88 346 284 351 
2 11 12 
10 2 132 130 135 10 269 78 111 120 220 
2 13 14 
7 1 388 72 247 79 246 311 
2 19 15 
6 228 137 139 305 306 316 
2 17 18 
6 226 388 103 237 397 383 
2 0 3 
8 130 227 8 207 209 114 151 25 
1 2 
21 123 257 290 27 100 326 51 39 72 348 67 332 238 177 274 307 148 186 283 28 221 
2 2 10 
6 96 199 46 15 376 382 
2 1 4 
9 0 259 228 391 333 116 311 155 159 
1 6 
37 6 7 264 9 10 14 278 279 24 154 158 37 41 302 178 398 60 197 326 74 331 206 227 334 90 347 293 99 103 232 109 110 111 112 373 376 125 
2 8 6 
11 384 260 72 113 306 211 309 254 151 184 350 
1 5 
31 128 129 258 257 270 272 19 25 32 33 170 44 180 52 315 319 322 195 69 329 85 344 89 219 348 223 102 359 236 237 366 
1 17 
21 384 96 91 82 325 253 231 168 394 300 141 399 296 274 115 251 375 314 47 60 298 
2 17 5 
6 289 65 204 247 217 252 
1 12 
33 128 384 179 263 392 395 268 144 324 155 29 158 31 42 171 307 181 184 188 196 75 205 206 333 83 85 342 344 90 113 371 116 251 
2 12 7 
6 230 201 365 84 122 252 
1 9 
21 32 192 355 132 69 193 8 231 367 370 52 97 182 375 56 244 90 283 380 127 197 
2 9 10 
6 292 295 109 24 345 189 
1 16 
35 129 386 133 134 391 392 138 396 269 271 17 27 28 163 172 174 176 57 58 315 63 321 327 331 78 337 344 223 352 98 373 114 245 376 123 
2 16 13 
6 194 356 266 267 16 255 
2 11 15 
6 229 166 138 77 142 93 
1 19 
40 261 262 266 11 269 16 275 27 285 32 33 165 171 172 45 46 50 54 59 318 63 390 161 72 336 85 343 224 315 100 235 364 109 110 368 369 115 118 247 122 
2 19 14 
8 34 39 10 7 145 243 298 253 
1 18 
37 129 4 150 136 393 14 15 17 149 278 279 160 162 293 294 48 323 202 205 81 339 84 86 377 221 351 352 357 359 234 238 239 370 371 249 380 127 
1 1 
24 271 286 35 167 297 300 302 305 54 185 59 195 197 198 211 214 344 350 356 111 117 118 252 126 
2 1 18 
6 131 200 265 366 304 349 
1 0 
38 115 135 139 140 13 270 19 276 152 288 37 169 298 43 47 49 306 179 308 56 52 65 194 68 268 76 78 341 122 225 104 109 110 147 374 121 250 254 
2 0 8 
6 64 50 21 343 63 255 
1 3 
33 258 260 389 393 149 26 291 164 295 170 173 125 176 9 312 313 58 69 292 328 74 80 339 84 217 222 208 232 363 365 367 375 381 
1 8 
34 386 107 392 395 269 271 144 277 120 286 35 166 168 59 316 61 318 325 202 77 397 336 209 210 163 340 214 399 229 230 235 246 248 377 
2 8 3 
7 196 108 146 22 119 216 314 
2 4 13 
7 100 5 40 361 394 299 382 
1 11 
28 131 260 133 393 141 399 137 26 265 165 38 50 55 68 73 207 348 37 228 234 364 110 239 241 114 380 381 126 
2 11 7 
6 0 161 390 274 53 61 
1 10 
35 139 270 18 149 281 163 297 300 47 317 62 191 321 322 198 203 204 79 208 210 343 89 92 350 351 352 354 99 102 360 232 246 248 249 253 
1 14 
26 398 274 26 169 42 49 312 319 323 324 75 76 209 82 340 219 221 225 226 370 377 251 380 381 126 383 
2 10 14 
8 259 164 43 14 308 214 124 94 
1 4 
20 192 161 194 139 388 38 307 266 267 45 303 375 49 370 115 87 363 106 94 383 
2 4 15 
7 354 134 294 327 332 78 371 
1 7 
16 385 87 356 5 391 104 233 167 353 269 142 301 22 311 71 119 
2 13 7 
7 33 235 397 305 21 153 378 
1 15 
22 132 143 288 290 309 188 202 190 322 195 196 326 330 335 80 347 220 98 99 120 382 127 
1 13 
18 320 67 35 261 6 295 60 15 240 210 147 20 121 280 212 187 316 285 
2 13 15 
6 175 112 310 25 346 62 
-0.600000 8 
8 17 2 3 6 7 8 9 11 
1 2 
1 63 
1 3 
1 361 
1 6 
2 316 317 
1 7 
2 292 108 
1 8 
4 138 131 92 87 
1 9 
2 110 335 
1 11 
2 184 189 
1 17 
2 365 327 
0.800000 1 
1 13 
1 13 
1 189 
0.600000 7 
8 16 3 2 19 0 7 9 13 
1 2 
2 282 187 
1 3 
1 357 
1 7 
3 234 187 282 
1 13 
1 354 
1 16 
1 104 
1 19 
1 37 
2 0 9 
1 327 
-0.700000 7 
7 16 2 3 5 7 8 13 
1 2 
2 114 107 
1 3 
1 138 
1 5 
1 306 
1 7 
3 313 338 13 
1 8 
1 132 
1 13 
1 308 
1 16 
1 96 
0.300000 20 
20 0 1 2 3 4 5 6 7 8 9 10 11 12 13 14 15 16 17 18 19 
1 0 
18 336 290 356 101 102 360 307 202 354 204 301 79 80 83 23 303 30 351 
1 1 
11 65 227 70 166 225 295 172 303 274 367 156 
1 2 
16 1 213 323 277 363 370 111 241 178 371 117 183 24 26 254 181 
1 3 
10 100 201 106 13 210 388 276 342 55 281 
1 4 
11 288 1 355 326 289 298 238 385 279 248 93 
1 5 
15 224 360 40 234 271 104 245 278 151 120 345 250 59 346 351 
1 6 
21 97 98 35 164 359 136 137 236 235 140 130 142 47 240 372 126 150 55 155 62 63 
1 7 
23 1 2 268 399 275 154 283 286 304 184 186 191 65 74 209 215 345 348 94 354 99 243 374 
1 8 
12 256 129 194 389 298 335 274 349 185 60 29 394 
1 9 
23 4 137 138 398 271 302 30 33 38 39 174 181 187 309 71 72 213 348 93 95 101 362 382 
1 10 
12 344 197 332 366 271 336 280 245 88 313 111 30 
1 11 
9 289 294 102 39 7 349 240 345 125 
1 12 
8 257 35 37 225 379 212 372 59 
1 13 
11 193 226 259 232 367 368 119 120 154 379 253 
1 14 
11 96 224 180 4 44 20 21 183 25 223 181 
1 15 
17 224 323 324 165 104 299 370 111 176 296 178 317 345 313 122 314 189 
1 16 
23 270 149 282 156 37 168 180 312 319 324 71 335 80 56 85 342 215 89 90 225 229 103 122 
1 17 
12 2 355 229 70 71 74 130 349 373 342 220 234 
1 18 
13 227 196 229 260 7 104 263 272 49 210 228 378 299 
1 19 
11 359 329 202 302 207 114 14 345 303 170 341 
0.400000 19 
19 0 1 2 3 4 5 6 7 8 9 10 12 13 14 15 16 17 18 19 
1 0 
7 332 302 14 184 282 285 286 
1 1 
2 25 226 
1 2 
9 34 357 73 362 331 368 281 92 157 
1 3 
12 129 131 70 337 40 265 136 382 182 186 286 351 
1 4 
4 82 284 278 247 
1 5 
6 352 327 392 80 81 340 
1 6 
5 96 57 58 370 333 
1 7 
12 192 368 260 200 44 281 174 336 270 217 25 124 
1 8 
3 297 329 313 
1 9 
11 225 290 291 232 361 239 308 381 89 285 222 
1 10 
2 195 324 
1 12 
4 258 259 387 229 
1 13 
7 102 362 177 178 182 183 184 
1 14 
4 296 41 254 185 
1 15 
1 110 
1 16 
9 193 109 50 340 151 283 93 318 287 
1 17 
5 232 297 172 173 350 
1 18 
3 257 12 247 
1 19 
4 2 307 354 38 
-0.900000 1 
1 3 
1 3 
1 133 
-0.400000 20 
20 0 1 2 3 4 5 6 7 8 9 10 11 12 13 14 15 16 17 18 19 
1 0 
5 186 387 346 213 318 
1 1 
6 80 16 81 52 182 29 
1 2 
11 64 164 358 102 231 11 158 342 314 62 159 
1 3 
8 33 38 392 11 285 83 93 127 
1 4 
15 376 130 131 324 230 296 322 176 177 291 213 344 218 91 30 
1 5 
14 331 260 305 107 332 111 112 113 338 307 118 375 376 382 
1 6 
6 225 392 84 277 342 282 
1 7 
18 64 163 316 106 107 364 333 14 113 387 291 308 382 342 394 28 381 318 
1 8 
8 96 34 37 42 142 143 82 94 
1 9 
8 353 130 135 105 336 337 184 315 
1 10 
6 131 165 303 278 187 126 
1 11 
6 193 1 328 41 186 187 
1 12 
6 357 102 103 108 271 18 
1 13 
10 288 3 133 358 328 333 369 309 313 277 
1 14 
8 166 363 15 112 113 117 151 191 
1 15 
13 36 6 102 359 119 242 269 114 243 21 87 271 37 
1 16 
14 131 388 389 135 87 13 110 285 146 309 119 153 183 31 
1 17 
6 137 331 142 307 245 30 
1 18 
7 192 142 181 182 90 27 28 
1 19 
7 103 176 370 30 376 381 222 
-0.300000 21 
20 0 1 2 3 4 5 6 7 8 9 10 11 12 13 14 15 16 17 18 19 
1 0 
22 385 386 132 6 392 393 284 165 53 192 323 342 347 220 93 353 103 108 112 376 252 127 
1 1 
22 129 138 17 157 158 34 163 294 39 299 47 48 188 318 82 86 88 220 241 245 246 248 
1 2 
29 389 7 264 266 396 17 285 30 163 166 296 297 172 313 58 317 196 69 205 57 225 103 361 359 366 372 373 119 251 
1 4 
33 4 263 141 281 153 346 31 33 304 308 54 58 59 316 317 318 182 208 340 85 343 90 347 223 226 231 232 108 109 381 118 125 126 
1 5 
25 5 262 157 158 261 160 301 47 308 313 187 333 342 343 97 99 105 106 363 108 381 371 116 361 362 
1 6 
27 390 321 13 18 23 281 286 32 291 165 39 168 180 30 191 181 397 83 340 89 94 223 167 368 116 217 123 
1 7 
22 389 12 150 157 158 289 293 176 309 182 56 58 326 327 82 211 341 343 314 362 363 112 
1 8 
14 32 97 294 231 136 233 43 238 48 232 83 361 93 31 
1 9 
33 5 262 263 87 13 344 28 158 389 288 289 163 297 48 177 60 330 79 339 84 215 216 217 316 234 365 111 112 114 373 120 340 383 
1 10 
15 160 51 225 136 265 371 120 115 310 56 153 154 283 380 221 
1 11 
19 192 97 291 196 197 198 329 43 338 304 177 178 339 309 182 183 89 154 219 
1 12 
25 6 267 273 274 276 277 22 23 281 169 300 173 305 186 330 66 325 71 74 331 97 100 17 109 239 
1 13 
21 128 352 132 9 363 204 301 174 111 303 338 302 244 117 374 276 282 123 93 94 351 
1 15 
40 1 2 3 261 262 264 266 151 398 272 274 259 22 23 282 158 32 33 278 342 172 51 58 63 66 395 68 71 328 73 205 83 213 86 216 91 230 368 118 248 
1 16 
23 257 394 145 160 290 36 41 47 182 60 65 328 81 82 339 86 217 348 97 105 83 120 383 
1 17 
28 138 11 12 14 17 18 275 150 281 154 155 282 287 160 159 176 57 59 323 328 333 337 338 352 358 364 116 117 
1 18 
25 1 6 321 282 287 288 33 34 165 39 174 306 180 311 316 193 290 341 217 92 98 243 244 251 254 
1 19 
19 192 386 356 357 6 392 361 74 108 173 79 81 84 116 111 380 234 382 191 
1 3 
19 128 34 331 228 98 6 199 233 43 76 194 239 178 244 85 327 122 188 117 
1 14 
33 129 260 133 65 136 265 138 111 192 270 277 279 282 283 284 261 288 35 167 156 171 172 392 266 320 193 198 332 345 346 61 118 119 
2 3 14 
6 161 197 134 137 139 60 
0.700000 3 
3 0 9 17 
1 0 
1 87 
1 9 
1 326 
1 17 
2 170 372 
-0.100000 74 
20 0 1 2 3 4 5 6 7 8 9 10 11 12 13 14 15 16 17 18 19 
2 0 1 
18 96 1 162 229 193 233 234 395 208 174 239 176 368 148 238 375 216 223 
2 4 5 
14 356 133 138 364 178 207 16 369 18 274 154 156 314 255 
2 6 7 
13 128 224 228 393 11 396 15 16 177 121 249 207 222 
2 8 9 
12 358 165 390 11 175 208 81 85 376 6 253 126 
2 16 17 
12 291 106 363 205 238 305 178 243 203 311 188 94 
2 0 2 
14 160 258 81 200 364 175 337 211 212 245 54 345 217 126 
2 1 3 
10 353 324 261 104 205 144 243 374 282 62 
2 2 3 
9 219 273 360 271 49 21 279 91 316 
3 19 2 3 
6 47 75 237 78 397 155 
2 4 6 
13 353 34 69 71 73 362 174 271 17 21 280 122 245 
2 5 7 
8 263 136 78 79 370 244 46 253 
2 8 10 
7 1 385 201 176 217 218 188 
2 9 11 
10 384 83 261 247 80 19 246 23 250 159 
2 10 11 
13 290 123 202 48 113 243 52 373 279 152 282 379 286 
3 10 11 18 
7 224 67 392 333 302 315 31 
2 12 15 
13 321 164 389 198 168 92 375 270 47 72 55 217 60 
2 13 14 
16 322 195 228 165 135 360 236 173 334 77 144 50 83 110 342 127 
3 19 12 13 
7 385 131 105 366 163 190 126 
2 14 15 
12 0 257 258 64 396 268 141 366 17 18 148 57 
3 16 14 15 
6 5 393 367 343 152 187 
2 18 19 
14 65 291 353 73 394 236 355 245 169 216 89 252 125 62 
3 17 18 19 
6 107 268 335 112 209 95 
2 0 3 
6 10 335 272 113 57 221 
2 1 2 
11 384 99 393 43 109 334 149 22 41 381 127 
2 4 7 
11 96 321 227 103 168 319 147 52 180 351 287 
2 5 6 
7 161 162 355 325 66 213 248 
2 8 11 
12 160 162 99 100 236 116 213 375 281 155 285 95 
2 9 10 
10 387 359 40 10 237 125 211 53 298 318 
2 18 12 
8 38 361 141 303 114 308 143 61 
2 13 15 
13 69 357 136 265 74 331 307 372 181 214 344 254 31 
1 14 
26 9 11 12 269 276 149 155 158 159 27 170 186 202 325 327 330 210 213 58 359 233 234 237 238 241 85 
2 1 14 
11 256 147 358 232 107 397 51 309 89 132 255 
2 12 13 
8 326 73 139 207 81 279 88 219 
3 11 12 13 
6 172 46 336 185 287 319 
2 17 19 
10 193 98 35 156 362 113 179 283 92 254 
2 16 0 
9 34 70 231 226 46 280 155 253 222 
1 6 
30 3 388 8 87 12 399 273 275 27 33 163 38 300 45 176 187 64 327 335 208 337 343 344 226 231 360 233 365 366 382 
2 3 6 
6 385 202 301 369 82 31 
2 9 2 
6 294 168 300 18 151 349 
2 18 4 
6 386 102 80 117 151 219 
2 1 7 
6 139 236 376 181 312 284 
1 12 
30 388 138 396 27 28 283 293 295 156 298 178 312 313 314 187 266 318 67 327 210 86 89 96 353 356 104 362 107 249 125 
2 12 5 
8 288 292 294 393 367 177 246 282 
2 8 15 
8 193 263 105 203 115 212 153 252 
1 10 
33 128 257 2 133 12 21 284 29 389 289 34 38 39 306 179 309 311 314 64 66 68 328 330 77 334 207 93 97 226 355 358 231 244 
2 10 19 
9 229 230 393 140 242 147 87 157 383 
1 13 
34 129 260 134 395 268 14 17 275 150 151 286 289 91 41 43 306 87 191 71 84 142 343 347 95 224 98 230 145 364 242 245 340 122 124 
2 11 13 
6 32 199 296 272 82 223 
2 17 3 
6 263 37 359 167 396 336 
1 16 
30 1 130 132 390 137 142 273 278 23 158 32 292 294 40 299 301 181 197 212 347 102 364 237 239 369 242 247 121 251 252 
1 9 
35 129 260 86 391 392 141 16 145 152 26 27 167 41 42 45 55 312 313 65 323 198 202 333 209 214 220 363 366 241 243 117 119 248 377 170 
2 16 9 
6 322 196 169 235 15 368 
1 0 
28 129 2 134 141 157 33 166 39 170 173 183 315 188 61 195 69 71 331 333 86 219 92 94 357 295 244 373 249 
2 0 18 
8 320 66 391 111 153 154 29 191 
1 2 
25 130 259 5 6 136 267 12 150 23 25 286 161 292 165 318 319 193 80 83 341 229 106 250 252 234 
1 15 
40 128 320 10 15 273 146 277 24 281 157 162 291 167 301 29 182 185 192 65 75 204 207 209 211 377 90 221 251 231 235 365 239 240 116 373 218 123 380 126 383 
2 2 15 
7 208 35 4 48 52 378 59 
1 4 
26 132 7 13 270 276 23 24 25 285 32 169 157 183 63 206 81 345 92 97 357 112 114 374 121 250 127 
2 1 4 
6 68 203 143 338 120 348 
1 7 
27 256 131 264 237 145 259 152 41 170 47 178 188 62 193 67 197 198 221 101 358 60 109 125 118 247 298 254 
2 17 7 
8 4 306 77 111 146 346 380 255 
1 5 
31 384 387 6 137 10 141 148 149 155 159 37 172 173 303 179 53 310 55 316 134 326 201 334 215 90 94 95 228 377 123 126 
2 19 5 
10 36 135 398 175 339 182 218 379 58 286 
1 8 
27 130 3 7 9 280 282 156 290 292 295 49 265 324 200 78 338 91 351 225 228 357 362 110 111 114 379 382 
2 8 18 
6 161 74 381 56 122 346 
1 11 
31 394 11 396 13 173 24 283 30 33 163 297 301 174 305 181 54 317 321 195 109 210 215 216 354 108 365 367 372 376 378 253 
1 3 
26 257 7 15 16 274 19 156 162 172 371 308 311 56 65 67 198 72 347 220 356 240 242 115 116 246 247 
2 3 11 
6 352 310 303 307 118 350 
1 1 
25 128 133 262 135 8 266 399 277 281 283 30 390 44 313 317 322 326 98 102 103 105 235 108 122 123 
1 19 
28 1 129 265 272 17 152 160 164 174 48 198 199 331 204 205 82 83 213 344 217 348 221 350 352 106 365 371 121 
2 1 19 
7 194 323 388 76 177 278 28 
1 17 
36 386 3 260 133 6 391 136 279 269 20 151 25 27 163 262 50 51 52 54 55 184 315 61 63 66 78 207 334 79 225 99 105 110 114 376 122 
1 18 
29 11 399 144 146 26 30 37 168 297 43 301 307 185 59 60 197 326 72 85 342 57 223 70 233 363 274 369 115 119 
2 17 18 
7 360 267 340 21 214 317 53 
-0.200000 48 
20 0 1 2 3 4 5 6 7 8 9 10 11 12 13 14 15 16 17 18 19 
2 0 2 
7 291 228 261 328 367 309 88 
2 1 3 
8 288 289 101 267 364 142 90 251 
2 4 5 
9 225 295 8 268 365 273 146 181 119 
2 6 7 
7 262 361 171 81 276 149 315 
2 8 12 
6 352 323 39 13 398 345 
2 9 10 
11 161 388 166 255 116 277 183 59 156 61 63 
2 11 14 
6 300 16 337 211 212 153 
2 13 15 
6 70 201 106 339 376 284 
1 16 
38 384 268 18 147 25 26 30 69 35 293 39 302 304 310 186 191 68 325 329 332 77 334 209 213 214 227 232 361 362 236 366 111 240 241 371 116 126 127 
2 16 17 
8 164 165 166 9 395 19 308 277 
2 18 2 
7 32 167 42 16 118 215 218 
2 1 19 
7 134 18 21 151 57 250 187 
1 4 
36 258 214 136 393 395 140 14 399 19 282 158 290 41 173 286 9 53 64 323 201 205 209 142 86 349 352 379 104 233 234 240 113 275 123 252 253 
2 0 4 
7 3 72 329 107 366 398 377 
1 3 
24 5 262 391 148 277 278 28 29 30 290 294 39 44 51 52 184 189 323 348 229 166 234 380 255 
2 3 5 
6 193 302 212 309 283 284 
1 8 
29 128 4 8 267 268 237 18 148 283 284 288 289 36 293 38 40 41 181 183 187 33 226 86 89 98 227 109 366 243 
2 8 6 
6 192 356 363 44 272 182 
2 14 7 
7 194 199 105 331 339 55 120 
2 9 12 
8 64 1 150 338 306 310 378 191 
2 17 10 
11 132 118 143 16 145 182 119 58 316 250 158 
1 2 
32 135 392 9 10 13 272 153 288 33 171 173 302 308 180 195 68 197 198 333 206 141 210 216 220 224 353 101 230 338 243 244 374 
2 2 11 
6 355 14 335 85 86 280 
1 13 
28 2 263 8 143 278 152 281 292 37 38 298 48 318 65 68 327 78 209 365 345 271 222 293 99 229 104 234 109 
2 0 13 
7 380 138 45 274 89 348 317 
2 18 15 
7 97 199 108 44 241 283 286 
1 19 
37 258 259 5 263 264 322 399 387 277 150 23 25 22 26 104 31 391 180 53 184 52 60 66 195 324 326 214 351 358 102 360 188 241 117 374 375 251 
1 5 
34 388 390 11 269 144 110 280 281 285 48 167 42 176 186 317 318 192 67 98 206 341 91 122 96 226 100 101 232 109 238 368 378 125 383 
2 19 5 
6 130 168 267 56 61 287 
2 1 9 
9 293 140 242 46 210 249 314 91 319 
1 6 
36 386 387 133 138 139 144 274 22 25 239 28 285 292 166 170 173 310 312 186 318 395 54 201 79 80 212 88 346 352 229 230 234 367 244 117 118 
1 12 
29 142 15 16 145 147 20 21 24 165 45 174 48 317 63 68 69 343 348 280 95 355 101 359 241 19 245 250 380 383 
2 12 6 
8 65 322 358 70 175 311 216 351 
1 7 
27 257 130 3 135 8 17 151 27 156 29 159 288 290 164 48 49 183 57 59 68 85 214 350 223 97 273 231 
1 18 
31 396 269 398 152 285 292 166 170 175 50 309 58 188 190 71 328 330 331 336 88 91 96 99 106 240 113 242 116 376 123 253 
2 18 7 
8 69 295 140 172 18 51 277 250 
1 14 
31 128 262 263 142 143 278 281 157 162 6 168 53 321 66 196 70 71 328 203 344 347 361 106 108 109 368 369 114 115 375 362 
1 15 
29 256 386 260 7 392 11 12 399 16 19 155 156 39 169 43 300 173 174 304 54 61 200 135 227 100 101 233 236 237 
2 14 15 
12 289 391 353 267 364 333 206 338 150 56 28 287 
1 10 
32 130 261 6 86 142 148 27 28 5 32 37 170 175 50 55 159 60 65 326 329 76 81 342 216 238 367 369 117 374 121 122 127 
1 0 
26 257 131 4 133 390 7 394 397 279 388 283 156 161 36 177 296 305 185 190 321 322 196 350 371 116 383 
2 0 10 
6 256 137 362 11 372 251 
1 17 
36 129 259 8 10 13 15 280 276 278 152 286 161 36 177 183 56 189 64 321 67 201 202 75 80 312 339 345 93 351 208 357 370 246 123 124 381 
1 9 
35 385 131 266 267 282 29 287 34 164 49 44 47 176 305 179 190 320 203 324 200 331 204 77 227 228 218 354 99 100 229 230 364 157 113 254 
2 17 9 
7 0 162 264 393 43 153 62 
1 11 
25 129 386 3 385 264 275 292 44 306 179 311 312 313 314 191 334 79 343 217 96 227 232 242 251 252 
1 1 
27 6 7 11 12 13 280 169 221 183 196 199 73 330 141 83 215 93 222 352 359 363 240 369 244 373 247 382 
2 1 11 
6 325 40 298 146 84 87 
-0.800000 1 
1 0 
1 0 
1 182 
-0.500000 20 
20 0 1 2 3 4 5 6 7 8 9 10 11 12 13 14 15 16 17 18 19 
1 0 
4 187 181 382 381 
1 1 
1 85 
1 2 
3 8 113 108 
1 3 
11 386 99 132 107 110 143 355 183 88 89 94 
1 4 
1 313 
1 5 
5 312 336 117 337 311 
1 6 
4 391 172 341 287 
1 7 
5 383 388 317 334 63 
1 8 
4 88 137 133 141 
1 9 
4 265 178 115 311 
1 10 
1 141 
1 11 
3 42 188 194 
1 12 
2 272 275 
1 13 
2 314 283 
1 14 
1 116 
1 15 
2 41 53 
1 16 
7 136 140 141 14 333 115 91 
1 17 
1 332 
1 18 
4 186 187 93 94 
1 19 
2 186 181 
