16 75 34
0.500000 14 
15 0 1 2 3 4 5 6 7 8 9 10 11 12 14 15 
1 2 
5 2 16 65 69 74 
1 7 
4 2 35 45 64 
1 15 
4 1 7 18 56 
1 1 
4 20 21 29 32 
1 12 
4 23 32 37 62 
1 10 
3 31 59 62 
1 11 
3 3 8 36 
1 0 
2 0 57 
1 14 
2 21 60 
1 3 
2 11 44 
1 5 
2 27 58 
2 6 8 
1 63 
1 4 
1 70 
1 9 
1 68 
-0.000000 16 
16 0 1 2 3 4 5 6 7 8 9 10 11 12 13 14 15 
1 12 
15 0 1 3 25 29 34 51 52 53 54 58 59 70 71 72 
1 15 
13 15 17 19 22 33 45 46 49 52 53 54 58 74 
1 6 
13 9 28 29 33 36 41 45 56 58 65 67 72 73 
1 14 
11 9 13 33 34 35 44 45 49 52 56 58 
1 8 
11 4 12 22 25 26 34 35 47 65 67 70 
1 7 
9 3 5 25 28 30 32 40 50 74 
1 2 
9 0 8 13 18 25 40 48 49 55 
1 11 
8 19 20 23 25 57 61 65 71 
1 10 
8 10 30 38 43 45 47 53 74 
1 5 
8 8 33 40 47 50 52 65 70 
1 1 
7 0 25 40 44 45 55 65 
1 13 
7 6 15 22 26 30 41 49 
1 4 
7 11 47 51 63 69 71 72 
1 3 
6 18 29 35 38 50 69 
1 9 
6 16 18 19 26 32 56 
1 0 
5 21 23 32 37 44 
1.200000 3 
3 3 5 12 
1 3 
2 36 61 
1 12 
2 41 66 
1 5 
1 17 
-0.500000 16 
16 0 1 2 3 4 5 6 7 8 9 10 11 12 13 14 15 
1 8 
7 19 23 42 43 44 55 56 
1 1 
6 2 4 6 7 39 43 
1 5 
6 14 21 22 35 64 74 
1 9 
6 22 46 47 52 53 54 
1 6 
4 7 27 42 52 
1 13 
4 11 16 37 69 
1 0 
4 27 30 34 50 
1 10 
3 3 9 71 
1 7 
3 6 46 65 
1 14 
2 0 37 
1 12 
2 46 63 
1 2 
2 51 62 
1 11 
2 27 38 
1 4 
2 16 65 
1 3 
1 31 
1 15 
1 5 
1.000000 3 
4 2 5 7 12 
1 5 
3 19 44 68 
1 7 
1 33 
2 2 12 
1 11 
1.100000 5 
5 2 4 5 7 12 
1 5 
2 42 67 
1 12 
1 61 
1 7 
1 8 
1 2 
1 6 
1 4 
1 37 
-0.200000 16 
16 0 1 2 3 4 5 6 7 8 9 10 11 12 13 14 15 
1 15 
11 14 21 27 29 35 36 39 42 55 65 71 
1 3 
11 2 5 9 13 20 21 24 42 53 55 71 
1 8 
10 11 17 30 31 36 37 61 62 68 73 
1 14 
10 7 17 18 22 27 32 38 65 73 74 
1 13 
9 1 8 21 28 35 42 46 71 73 
1 5 
9 0 1 2 20 31 46 49 51 61 
1 1 
8 5 8 13 35 48 50 51 64 
1 6 
8 2 6 11 19 50 51 53 70 
1 0 
7 9 31 39 47 49 60 73 
1 11 
6 31 39 51 54 60 68 
1 4 
5 1 8 14 34 49 
1 2 
5 30 38 43 52 71 
1 12 
5 6 18 30 39 56 
1 10 
5 1 5 17 44 73 
1 9 
4 41 42 45 51 
1 7 
2 1 4 
1.400000 2 
2 7 12 
1 12 
1 36 
1 7 
1 66 
0.700000 7 
7 1 3 4 7 10 11 13 
1 4 
3 35 40 53 
1 11 
3 12 15 69 
1 3 
3 0 7 62 
1 7 
3 10 14 39 
1 10 
2 56 58 
1 13 
2 19 24 
1 1 
2 53 61 
-1.100000 3 
3 1 3 12 
1 3 
1 26 
1 12 
1 42 
1 1 
1 72 
-0.800000 7 
7 2 3 4 5 7 11 12 
1 2 
3 31 37 56 
1 11 
3 17 42 43 
1 4 
2 10 29 
1 12 
2 13 67 
1 7 
1 71 
1 5 
1 12 
1 3 
1 30 
-2.200000 1 
1 7 
1 7 
1 37 
-1.300000 3 
3 4 7 12 
1 4 
2 57 60 
1 7 
1 43 
1 12 
1 60 
-0.400000 16 
16 0 1 2 3 4 5 6 7 8 9 10 11 12 13 14 15 
1 14 
8 6 12 25 40 42 48 64 68 
1 4 
5 0 15 39 62 67 
1 12 
4 21 47 49 55 
1 3 
4 16 23 28 72 
1 0 
4 16 17 22 55 
1 15 
4 10 11 61 67 
1 1 
4 1 9 10 46 
1 10 
4 14 39 50 65 
1 13 
4 17 62 64 74 
1 7 
3 26 44 53 
1 2 
3 27 41 42 
1 8 
3 5 14 50 
1 5 
3 11 48 71 
1 9 
2 40 48 
1 11 
1 21 
1 6 
1 57 
0.900000 7 
7 1 2 4 7 11 12 13 
1 13 
2 9 14 
1 11 
2 7 11 
1 2 
1 12 
1 1 
1 23 
1 7 
1 22 
1 12 
1 16 
1 4 
1 30 
-0.300000 16 
16 0 1 2 3 4 5 6 7 8 9 10 11 12 13 14 15 
1 2 
9 15 23 28 33 46 47 57 66 67 
1 0 
8 6 10 11 25 28 29 33 35 
1 6 
8 12 16 18 24 32 34 47 59 
1 11 
8 0 9 22 34 47 55 63 67 
1 14 
7 5 14 23 43 57 63 67 
1 15 
7 0 4 9 16 30 41 60 
1 8 
6 1 18 24 39 49 51 
1 13 
6 2 3 5 32 58 59 
1 10 
5 6 18 55 60 72 
1 7 
5 15 34 49 51 56 
1 1 
5 38 47 69 70 74 
1 4 
5 5 21 56 61 68 
1 12 
4 22 43 65 74 
1 9 
4 15 21 58 59 
1 3 
4 10 17 25 73 
1 5 
3 4 24 30 
-0.600000 11 
11 1 2 3 4 5 7 8 9 10 11 14 
1 2 
5 4 9 19 20 24 
1 1 
4 3 42 67 68 
1 10 
3 2 8 70 
1 14 
2 47 62 
1 7 
2 21 59 
1 4 
2 18 55 
1 11 
1 56 
1 3 
1 14 
1 5 
1 72 
1 9 
1 24 
1 8 
1 48 
-1.500000 1 
1 7 
1 7 
1 62 
-0.100000 16 
16 0 1 2 3 4 5 6 7 8 9 10 11 12 13 14 15 
1 11 
12 1 24 28 29 30 41 45 46 53 59 64 66 
1 4 
12 2 6 13 17 22 28 33 44 45 46 48 50 
1 3 
11 1 19 22 33 34 54 56 60 66 67 74 
1 9 
10 17 20 49 50 57 60 63 64 65 66 
1 0 
10 2 5 14 26 40 46 48 59 69 74 
1 6 
9 8 13 23 26 31 40 44 48 54 
1 13 
9 10 29 33 45 50 53 54 57 72 
1 12 
9 2 5 8 24 28 33 45 50 68 
1 15 
8 8 20 25 28 34 44 47 73 
1 10 
7 0 11 19 29 34 36 40 
1 7 
6 9 19 36 48 55 69 
1 14 
6 36 39 54 59 61 72 
1 8 
5 0 6 9 10 60 
1 2 
3 3 10 35 
1 1 
3 11 49 63 
1 5 
2 34 53 
1.500000 1 
1 7 
1 7 
2 16 41 
0.400000 16 
16 0 1 2 3 4 5 6 7 8 9 10 11 12 13 14 15 
1 15 
8 6 23 31 32 37 51 57 63 
1 6 
7 0 5 20 25 38 46 60 
1 14 
4 10 28 51 66 
1 1 
4 19 24 28 56 
1 3 
4 12 40 45 57 
1 11 
4 6 33 50 74 
1 0 
4 13 45 66 67 
1 13 
3 4 43 52 
1 9 
3 11 25 30 
1 5 
3 15 28 56 
1 12 
2 19 48 
1 8 
2 13 69 
1 2 
2 34 54 
1 10 
2 22 57 
1 4 
1 74 
1 7 
1 60 
0.300000 15 
15 0 1 2 3 4 5 6 7 8 9 10 11 12 13 15 
1 13 
9 18 23 39 51 55 61 63 68 70 
1 8 
9 3 7 32 33 53 54 59 66 72 
1 12 
8 9 12 15 20 27 40 44 69 
1 4 
8 4 9 25 38 52 54 59 64 
1 1 
8 16 17 26 27 33 52 59 60 
1 6 
7 3 15 30 61 66 68 71 
1 10 
7 16 21 24 51 61 63 68 
1 9 
7 5 14 31 62 67 72 73 
1 0 
6 8 18 56 61 68 71 
1 11 
5 37 44 49 62 72 
1 5 
5 29 32 41 57 66 
1 3 
5 6 8 39 43 68 
1 2 
5 29 39 45 60 68 
1 15 
5 2 13 26 62 68 
1 7 
4 17 27 67 73 
0.600000 14 
15 0 1 2 4 5 6 7 8 9 10 11 12 13 14 15 
1 2 
4 17 59 64 70 
1 11 
3 10 58 73 
1 1 
3 22 54 62 
1 4 
2 41 42 
1 6 
2 10 35 
1 8 
2 58 74 
1 0 
2 65 70 
1 10 
2 20 64 
1 9 
1 74 
1 12 
1 73 
1 13 
1 56 
2 5 14 
1 16 
1 15 
1 12 
1 7 
1 72 
0.800000 7 
7 0 1 2 3 5 7 10 
1 1 
2 57 58 
1 7 
2 47 58 
1 2 
2 1 7 
1 0 
2 62 63 
1 3 
1 37 
1 5 
1 69 
1 10 
1 15 
-0.900000 6 
6 3 5 7 11 12 13 
1 5 
4 13 23 63 73 
1 12 
3 10 35 38 
1 11 
2 14 18 
1 7 
1 68 
1 3 
1 52 
1 13 
1 12 
1.600000 2 
2 4 5 
1 5 
2 18 43 
1 4 
1 36 
0.200000 16 
16 0 1 2 3 4 5 6 7 8 9 10 11 12 13 14 15 
1 14 
14 2 4 8 11 15 19 20 24 26 29 50 53 69 71 
1 9 
13 2 3 4 8 12 13 28 36 37 44 61 69 71 
1 8 
11 8 16 20 21 28 29 38 40 46 57 64 
1 3 
11 3 4 32 46 47 48 49 58 59 63 64 
1 0 
8 3 4 7 15 19 41 54 58 
1 5 
7 3 5 6 7 25 54 55 
1 7 
7 13 23 29 52 57 61 63 
1 2 
7 5 22 44 50 58 63 73 
1 4 
7 3 20 23 24 26 27 73 
1 10 
7 4 23 42 48 52 54 66 
1 13 
6 13 34 38 60 65 67 
1 12 
5 4 7 14 31 57 
1 11 
5 2 4 32 35 70 
1 6 
5 1 21 43 62 64 
1 1 
4 30 31 36 41 
1 15 
3 43 48 59 
0.100000 16 
16 0 1 2 3 4 5 6 7 8 9 10 11 12 13 14 15 
1 9 
16 0 1 6 7 9 10 27 29 33 34 35 38 39 43 55 70 
1 0 
13 1 12 20 24 36 38 42 43 51 52 53 64 72 
1 10 
13 25 26 27 28 32 33 35 37 41 46 49 67 69 
1 13 
11 0 20 25 27 31 36 40 44 47 48 66 
1 6 
8 4 14 37 39 49 55 69 74 
1 15 
8 3 24 38 40 50 64 69 70 
1 7 
8 0 7 11 24 38 42 54 70 
1 8 
7 2 15 27 41 45 52 71 
1 1 
7 12 14 15 18 34 37 66 
1 14 
6 1 3 41 46 55 70 
1 5 
6 9 10 26 45 59 60 
1 4 
5 12 19 32 43 58 
1 11 
5 5 16 26 40 48 
1 3 
4 15 41 65 70 
1 2 
3 21 53 72 
1 12 
2 26 64 
-0.700000 12 
12 1 2 4 5 6 7 9 10 11 13 14 15 
1 2 
5 14 26 32 36 61 
1 15 
2 66 72 
1 10 
2 7 13 
1 5 
2 36 62 
1 14 
2 30 31 
1 11 
2 13 52 
1 6 
1 22 
1 9 
1 23 
1 7 
1 20 
1 1 
1 73 
1 13 
1 7 
1 4 
1 66 
1.300000 1 
1 4 
1 4 
1 31 
-1.400000 2 
2 3 5 
1 5 
2 37 38 
1 3 
1 27 
-2.000000 1 
1 7 
1 7 
1 12 
-1.200000 2 
2 7 12 
1 12 
1 17 
1 7 
1 18 
-1.000000 7 
7 1 3 4 5 6 7 10 
1 10 
1 12 
1 5 
1 39 
1 1 
1 71 
1 7 
1 31 
1 4 
1 7 
1 6 
1 17 
1 3 
1 51 
