20 500 14
0.000000 103 
20 0 1 2 3 4 5 6 7 8 9 10 11 12 13 14 15 16 17 18 19 
1 1 
39 22 23 30 47 53 78 94 97 117 128 133 143 156 157 179 192 193 194 213 223 230 237 249 250 253 304 313 324 343 356 362 372 379 387 396 436 444 448 472 
1 4 
39 2 3 5 9 44 60 66 68 92 100 121 122 123 128 140 156 158 162 189 207 209 211 220 229 240 263 272 291 295 330 331 333 342 351 354 360 405 436 437 
1 2 
38 2 5 14 15 16 28 34 35 46 49 54 57 67 69 71 76 81 95 105 110 154 184 201 216 228 269 279 288 306 314 317 378 424 435 446 478 491 498 
1 3 
37 16 36 43 56 95 99 124 125 126 130 170 181 195 232 242 244 262 267 268 284 290 297 300 332 391 401 408 412 452 455 456 463 470 490 494 497 499 
1 10 
37 3 7 26 37 39 60 68 87 101 111 113 120 169 212 214 231 236 274 278 296 300 319 323 337 350 363 368 380 388 410 422 423 438 453 458 465 489 
1 6 
35 33 86 101 111 112 115 119 147 154 167 218 220 235 255 266 280 288 291 310 316 318 321 329 330 331 344 345 350 352 384 389 392 404 467 492 
1 15 
33 5 8 19 25 28 36 38 79 100 105 134 142 143 189 223 252 262 267 272 273 286 292 294 319 334 403 409 425 432 452 475 479 484 
1 13 
33 24 27 39 85 112 128 129 130 138 143 153 160 164 174 186 196 197 227 229 232 235 237 239 245 265 344 419 434 458 464 468 492 496 
1 12 
33 4 47 53 83 118 126 169 204 209 213 270 293 298 310 331 338 339 388 396 400 401 408 428 438 451 465 466 467 468 470 488 495 496 
1 5 
32 7 9 61 62 67 71 83 97 129 140 145 148 167 173 194 235 238 282 341 344 346 348 359 362 376 382 395 440 451 456 463 491 
1 14 
31 32 41 45 53 95 96 108 126 145 199 200 215 217 225 236 241 251 254 258 287 327 328 337 347 356 381 405 412 433 469 495 
1 17 
30 12 88 118 146 152 154 157 164 174 188 194 203 208 236 246 256 264 275 293 306 317 344 349 370 407 411 422 438 445 459 
1 7 
30 3 42 46 58 67 103 122 141 208 231 249 250 272 301 305 322 345 349 353 359 370 375 402 403 429 439 447 461 473 484 
1 9 
29 2 10 11 34 47 70 73 94 123 135 152 215 221 222 230 297 311 325 332 342 343 345 361 371 398 428 430 454 495 
1 19 
28 30 38 64 78 154 159 185 199 219 261 268 279 283 286 299 360 387 390 397 405 411 412 418 437 444 462 470 471 
1 18 
28 9 19 28 37 41 55 64 132 140 166 185 222 239 280 286 314 316 326 330 333 348 355 381 391 413 421 430 458 
1 16 
28 10 16 36 54 75 78 82 90 139 202 260 261 262 271 279 288 290 318 320 329 342 351 379 389 450 477 481 486 
2 6 15 
27 18 53 70 113 124 140 162 175 191 247 309 315 337 353 357 376 381 382 387 401 413 449 459 473 478 487 493 
2 1 10 
27 4 8 10 50 73 89 122 124 141 187 204 211 218 239 258 294 312 321 327 339 394 418 433 455 483 490 494 
1 0 
26 5 23 88 96 107 175 176 188 189 247 263 289 296 306 307 317 335 337 360 363 398 420 443 476 493 498 
2 13 19 
24 19 20 26 45 95 100 108 151 167 168 188 189 254 260 284 313 334 354 363 364 392 401 487 499 
2 1 2 
24 11 13 17 40 75 90 136 147 172 186 202 232 238 244 246 259 360 361 425 442 443 447 473 492 
2 4 17 
23 1 18 22 40 53 104 114 149 192 197 202 224 238 245 266 278 369 371 393 419 420 424 492 
2 15 17 
23 23 59 72 78 96 97 103 132 139 193 195 239 258 261 298 326 347 348 363 368 383 435 483 
2 13 14 
23 1 8 16 59 91 109 117 124 135 214 240 263 266 293 307 343 358 361 366 389 396 417 451 
2 9 11 
23 15 40 43 59 60 110 151 165 213 245 246 273 298 314 357 375 408 410 421 422 427 485 493 
2 9 19 
23 24 27 32 55 109 120 134 179 216 228 250 252 262 266 305 356 381 382 409 429 468 474 494 
2 0 3 
22 42 79 158 168 184 186 211 228 230 241 255 266 285 346 358 405 409 414 417 428 460 469 
2 0 18 
22 11 40 75 133 143 148 155 159 178 198 213 256 359 383 387 403 427 441 477 481 483 484 
2 11 18 
20 17 18 99 119 137 154 208 233 234 320 328 365 396 402 426 431 450 457 463 478 
2 7 14 
20 66 134 139 146 171 189 194 212 246 260 278 288 306 321 363 367 379 431 440 448 
2 8 19 
20 14 40 57 80 111 149 166 194 204 231 249 282 328 352 369 370 385 388 422 469 
2 0 16 
20 12 52 72 92 97 103 114 118 121 205 242 264 298 336 374 377 394 436 472 487 
2 5 9 
20 23 46 65 72 93 127 144 146 164 198 202 257 274 293 300 353 355 439 481 486 
2 7 12 
20 32 33 76 101 106 120 125 133 225 248 263 283 325 329 351 422 433 449 459 478 
2 8 13 
19 74 79 90 92 98 123 176 182 205 213 255 256 291 338 379 398 399 416 479 
2 3 6 
19 74 85 128 131 136 148 166 180 185 250 260 324 370 372 377 386 474 480 482 
1 8 
19 0 6 13 34 37 65 116 118 180 202 210 222 278 340 341 355 377 440 450 
1 11 
19 45 53 63 77 78 112 139 155 241 242 290 308 313 404 417 425 473 487 499 
2 4 11 
17 39 136 147 182 214 254 255 260 321 341 352 364 394 395 440 453 458 
2 10 16 
17 74 83 96 98 115 155 188 215 251 254 255 284 366 431 440 475 488 
2 2 10 
16 42 58 77 132 152 173 198 203 233 240 256 286 340 427 429 457 
2 2 12 
16 20 36 43 51 205 275 303 333 335 348 381 405 406 411 477 486 
2 12 15 
16 26 31 73 90 98 206 237 257 284 300 307 358 380 456 472 481 
2 17 18 
16 32 115 125 243 248 274 281 303 327 367 375 388 415 465 470 496 
2 3 7 
16 2 40 57 64 78 152 162 233 239 264 274 312 341 357 383 479 
3 5 7 12 
12 55 109 132 150 178 214 266 281 285 407 425 497 
2 0 5 
11 6 21 51 77 113 156 192 196 258 397 447 
2 1 8 
11 48 62 66 127 144 302 332 414 420 441 463 
2 7 19 
10 17 71 81 88 140 201 280 296 317 453 
2 12 18 
10 91 102 136 149 229 251 253 271 318 418 
3 2 10 16 
9 21 33 41 85 106 266 268 282 461 
3 9 17 19 
9 16 75 124 133 163 178 244 265 323 
3 1 2 10 
9 38 59 79 103 182 283 367 386 459 
3 3 4 17 
9 15 91 120 144 172 173 225 269 308 
2 7 16 
9 25 38 94 100 193 197 315 376 392 
2 9 10 
9 56 104 171 177 303 316 330 349 403 
2 16 18 
9 1 153 220 283 395 448 456 462 480 
2 1 6 
9 44 84 174 393 395 400 402 415 496 
3 4 9 19 
8 8 76 271 319 336 337 359 416 
2 10 11 
8 150 160 176 383 412 419 476 482 
2 3 4 
8 10 48 198 213 237 302 433 446 
2 14 15 
8 29 168 177 184 268 362 462 476 
3 3 8 13 
8 18 161 199 248 253 325 390 486 
3 9 11 19 
8 44 74 126 200 224 253 309 443 
2 16 17 
8 148 151 159 165 313 339 343 466 
3 5 8 13 
8 139 169 187 203 270 423 460 473 
2 11 17 
8 161 190 196 373 414 447 451 497 
2 0 6 
8 93 123 169 209 227 236 378 439 
2 4 8 
8 43 50 141 285 353 406 455 498 
2 8 14 
8 28 93 273 292 326 438 459 465 
3 1 10 17 
8 99 108 199 287 322 376 390 417 
2 12 16 
8 84 137 210 277 393 485 490 499 
3 2 12 13 
8 86 104 115 175 181 290 368 413 
3 0 14 18 
8 31 179 270 313 371 386 425 444 
3 6 15 16 
8 32 35 40 65 117 126 281 304 
2 9 13 
8 22 42 264 269 277 289 331 339 
3 8 13 19 
6 31 211 329 383 386 426 
2 7 8 
6 63 105 183 218 323 350 
2 5 19 
6 4 18 234 287 288 415 
2 6 14 
6 110 114 224 314 422 460 
3 4 11 19 
6 82 113 294 335 475 489 
3 6 13 15 
6 178 198 216 367 391 491 
2 5 11 
6 81 105 142 206 324 366 
2 7 13 
6 89 156 163 223 247 336 
2 14 16 
6 44 76 257 308 332 384 
3 0 2 18 
5 0 109 112 183 434 
2 3 8 
5 35 226 303 407 481 
3 7 12 15 
5 121 135 153 374 434 
3 7 12 18 
5 30 302 334 352 452 
2 7 18 
5 127 129 276 399 432 
3 1 2 12 
5 61 151 159 299 437 
3 5 9 11 
5 175 201 284 411 472 
3 3 7 14 
5 12 97 190 265 364 
2 6 8 
5 52 373 424 428 485 
3 7 11 12 
5 13 69 117 172 386 
3 4 15 17 
5 77 87 365 366 486 
3 0 4 18 
5 14 33 85 231 357 
3 8 13 14 
5 54 136 230 309 418 
3 0 2 16 
5 29 135 164 353 369 
4 5 9 10 11 
5 138 162 181 358 385 
4 3 4 6 17 
5 30 80 222 396 488 
3 1 7 8 
5 107 221 243 404 493 
0.500000 9 
9 0 1 2 5 10 13 14 16 17 
1 5 
2 222 237 
1 14 
2 87 186 
1 1 
2 15 279 
1 17 
2 358 400 
1 0 
1 299 
1 2 
1 97 
1 16 
1 178 
1 10 
1 230 
1 13 
1 150 
0.100000 78 
20 0 1 2 3 4 5 6 7 8 9 10 11 12 13 14 15 16 17 18 19 
1 7 
38 39 65 72 93 99 104 112 126 136 148 157 158 177 192 219 224 227 230 252 253 254 256 257 258 279 284 348 356 382 387 394 408 421 424 456 474 494 499 
1 9 
38 30 36 39 54 68 69 89 100 131 145 172 176 214 231 251 258 259 263 268 280 292 312 335 364 374 386 390 393 435 440 448 451 459 464 469 487 492 496 
1 13 
37 43 49 58 61 64 67 88 96 99 103 113 122 131 154 166 171 173 193 222 231 233 242 258 278 315 320 333 369 384 421 427 429 437 449 453 454 497 
1 4 
37 4 6 20 49 54 55 65 72 74 79 81 86 108 151 169 176 204 210 218 219 223 236 246 270 300 304 318 322 370 383 425 429 442 477 479 485 493 
1 19 
37 12 21 34 47 118 145 165 169 186 198 207 213 232 267 275 290 300 304 343 362 372 375 377 379 391 396 402 413 435 460 464 465 476 477 480 488 498 
1 6 
35 14 24 25 56 77 78 83 96 100 106 121 129 134 135 156 161 171 179 229 262 271 283 290 312 323 326 333 334 343 348 368 390 411 419 475 
1 3 
33 3 11 37 59 90 137 147 171 188 204 236 243 276 298 305 310 316 318 319 327 350 351 381 395 404 425 427 432 438 439 447 467 489 
1 16 
33 26 53 73 79 87 93 112 125 138 150 194 217 225 235 245 265 270 303 309 317 321 325 331 334 338 346 360 410 430 447 455 468 495 
1 14 
32 0 5 6 22 33 39 46 75 92 101 102 111 112 140 178 209 267 282 298 299 305 340 383 393 420 455 463 475 477 478 493 497 
1 8 
32 5 53 58 59 103 104 112 126 130 143 160 173 188 189 216 275 280 281 286 296 354 358 367 371 396 411 412 417 427 467 472 495 
1 15 
32 11 16 48 75 85 88 102 109 115 127 144 147 152 159 200 201 211 228 245 255 264 266 269 302 303 305 346 364 386 428 438 450 
1 1 
29 9 16 18 28 31 92 105 142 148 178 183 191 200 216 224 240 252 261 284 289 292 296 354 389 391 413 430 434 460 
1 18 
29 3 7 13 60 76 86 139 162 182 190 195 204 209 263 273 282 293 308 324 331 374 378 420 433 453 454 459 461 479 
1 5 
29 29 34 50 94 119 131 135 136 176 180 204 217 218 241 260 261 273 279 320 329 337 342 343 347 357 360 374 400 458 
1 11 
28 30 32 52 61 65 67 79 109 116 132 153 163 166 178 193 210 249 269 322 380 389 407 441 481 484 486 488 492 
1 2 
27 1 7 10 25 66 91 179 190 215 245 248 250 273 330 345 358 372 400 409 410 433 474 476 483 490 494 495 
1 10 
26 2 15 27 45 55 64 67 128 133 144 201 213 244 246 307 318 344 377 379 381 413 426 434 446 447 462 
1 12 
26 10 15 27 64 100 122 131 155 168 170 173 198 202 272 274 294 306 326 337 373 385 412 440 444 457 483 
2 8 17 
24 29 41 42 46 47 117 122 137 147 171 215 241 251 283 324 372 374 409 421 443 444 457 464 468 
2 12 16 
24 45 46 89 200 212 246 252 267 278 289 311 322 341 350 355 390 398 435 441 442 471 476 491 492 
1 0 
23 8 25 28 62 98 100 161 212 214 232 237 260 277 286 330 349 376 395 396 413 423 494 499 
2 11 18 
22 26 27 29 36 98 114 141 158 194 202 238 250 278 306 312 353 360 361 363 369 384 437 
1 17 
22 14 20 33 145 205 292 297 315 328 335 353 392 398 399 404 429 439 449 474 475 498 499 
2 5 11 
20 24 48 66 75 100 128 159 170 171 205 239 243 283 291 296 315 317 371 465 480 
2 0 15 
20 27 63 108 116 157 197 202 203 207 220 224 226 248 249 259 276 322 345 440 458 
2 3 19 
17 5 29 54 89 114 155 164 212 256 281 314 320 345 442 451 454 492 
2 4 8 
16 23 24 95 134 150 181 193 208 212 277 363 389 445 494 496 497 
2 0 18 
16 47 56 68 81 134 191 223 235 254 262 268 284 339 347 379 385 
2 6 10 
16 66 72 91 97 127 139 200 219 237 249 252 253 306 346 414 451 
2 7 12 
16 8 34 35 49 108 111 123 130 195 286 316 366 372 391 426 445 
2 2 9 
16 6 45 53 80 114 180 185 197 225 239 291 307 308 351 458 488 
2 10 17 
14 24 34 62 65 121 135 142 235 247 288 302 352 364 378 
2 0 14 
12 2 26 50 137 138 153 222 294 348 402 464 496 
2 5 15 
11 122 123 125 130 158 209 299 333 408 437 485 
2 2 14 
11 9 27 129 207 271 272 359 398 426 467 481 
2 2 10 
10 32 48 264 382 396 415 416 456 480 485 
2 15 19 
10 10 33 101 104 107 289 338 417 430 455 
2 1 18 
10 12 113 126 203 264 344 366 370 438 471 
2 0 4 
9 19 45 61 67 70 145 381 421 474 
2 1 12 
9 41 154 220 288 357 392 439 458 464 
2 10 14 
9 51 86 123 143 148 221 276 408 445 
2 3 9 
9 38 154 167 209 306 329 340 354 441 
2 2 13 
9 3 4 52 56 72 118 200 208 224 
2 15 17 
9 13 17 49 179 185 263 448 482 489 
2 1 6 
9 95 241 268 269 371 375 476 495 497 
2 4 6 
9 29 73 109 152 248 303 418 450 465 
2 13 16 
9 30 37 120 172 328 371 411 415 470 
2 8 15 
9 64 99 128 164 288 308 313 384 490 
2 3 7 
9 0 1 52 182 261 355 368 388 475 
2 9 10 
8 18 61 92 317 369 442 477 484 
2 1 4 
8 21 46 56 125 267 328 334 347 
2 6 18 
8 151 157 164 230 242 305 397 398 
2 16 19 
8 6 7 60 160 226 239 365 463 
2 12 14 
8 81 103 116 164 255 397 453 482 
2 1 3 
8 51 138 150 153 217 353 462 466 
2 9 16 
7 105 149 219 256 285 352 370 
2 7 19 
7 50 87 174 347 380 400 446 
2 13 19 
7 23 35 36 69 83 97 378 
2 11 17 
6 19 31 301 319 340 406 
3 10 13 17 
6 63 220 299 395 397 469 
2 3 12 
6 70 127 156 247 301 443 
2 5 17 
6 44 84 227 242 250 391 
3 0 15 16 
6 95 129 199 327 388 433 
2 1 13 
6 114 228 257 349 431 478 
2 5 14 
5 42 107 165 399 468 
2 4 12 
5 180 196 203 378 480 
2 0 16 
5 18 110 132 174 244 
2 6 15 
5 39 82 155 208 332 
2 2 4 
5 177 206 339 350 422 
2 17 18 
5 90 207 300 362 440 
2 5 8 
5 232 233 294 330 471 
3 7 17 19 
5 79 110 291 295 361 
2 6 11 
5 62 89 120 199 483 
2 0 13 
5 32 57 78 238 279 
2 15 18 
5 4 71 146 351 373 
2 8 18 
5 97 175 356 451 491 
3 0 14 15 
5 141 163 283 325 488 
2 8 11 
5 101 133 225 274 307 
0.200000 35 
20 0 1 2 3 4 5 6 7 8 9 10 11 12 13 14 15 16 17 18 19 
1 10 
36 1 20 69 78 90 94 112 117 137 149 217 224 241 243 260 263 293 295 298 301 326 341 342 345 374 375 391 421 430 437 443 463 470 471 478 495 
1 3 
36 6 39 44 63 68 94 113 116 123 132 133 135 157 169 174 210 215 216 218 220 234 238 246 249 254 279 280 291 307 328 352 373 375 434 448 450 
1 14 
36 3 4 7 17 35 36 60 77 113 122 127 132 156 180 198 201 202 213 229 243 277 297 346 353 354 378 382 387 392 437 447 452 472 473 480 483 
1 1 
35 14 20 32 39 49 52 55 57 72 96 104 118 139 214 219 222 229 233 234 251 256 262 263 291 308 311 316 325 346 358 365 388 429 465 470 
1 16 
34 5 15 19 20 31 59 86 88 91 99 119 134 173 177 218 240 247 269 295 305 310 335 340 380 383 401 402 408 418 423 449 464 478 482 
1 15 
34 9 12 86 133 138 148 194 212 215 225 229 241 242 270 291 323 324 339 349 350 352 355 385 389 398 410 415 447 453 457 461 470 480 492 
1 0 
33 13 22 48 54 55 58 59 64 65 115 139 146 147 162 177 182 185 206 282 338 375 382 399 400 426 430 431 437 442 452 463 475 482 
1 13 
32 62 68 71 77 80 82 87 94 110 125 133 170 209 217 261 275 297 300 310 359 412 420 428 439 444 455 475 485 490 493 495 498 
1 5 
31 47 70 79 80 89 95 96 124 126 152 174 177 186 190 191 195 200 208 221 224 225 236 265 278 292 297 298 369 377 384 405 
1 2 
30 30 92 93 96 98 99 100 101 193 234 260 263 267 276 292 334 344 349 355 363 388 391 392 393 420 448 463 466 482 499 
1 11 
30 38 47 80 84 111 115 127 144 152 188 203 204 209 211 212 240 295 311 316 318 370 374 381 400 405 413 445 446 462 471 
1 6 
30 19 28 51 54 61 71 81 87 88 92 116 145 214 221 276 295 296 317 322 327 328 338 383 434 443 448 466 477 489 494 
1 19 
29 1 2 3 62 73 112 119 146 150 171 172 193 208 209 214 222 227 251 257 293 315 322 330 357 373 448 449 458 497 
1 18 
29 2 5 8 45 50 69 72 73 74 92 118 124 156 221 267 279 290 296 309 319 322 368 412 417 436 439 464 487 488 
1 8 
28 19 135 138 151 154 155 156 159 165 174 198 217 220 228 250 254 269 297 304 333 339 351 364 368 395 425 429 452 
1 4 
27 28 105 107 160 161 194 199 205 235 241 242 247 268 275 287 288 293 340 377 379 384 388 417 438 439 444 499 
1 9 
25 5 17 20 35 50 51 57 63 101 275 276 279 290 324 333 338 348 380 387 395 399 415 433 445 476 
1 12 
25 38 40 77 107 110 216 242 250 256 279 282 291 312 327 332 336 345 370 371 402 427 431 432 461 475 
1 7 
23 29 44 47 51 77 83 98 102 124 204 209 294 300 320 332 333 344 371 390 395 430 441 471 
1 17 
19 0 28 60 85 127 130 166 182 252 253 320 329 357 379 401 403 442 472 494 
2 5 9 
6 106 226 334 392 396 490 
2 9 19 
6 48 84 129 420 425 450 
2 5 12 
6 82 207 305 354 383 436 
2 3 11 
5 34 58 149 299 429 
2 15 18 
5 80 170 277 287 416 
2 12 17 
5 21 39 128 384 473 
2 1 7 
5 27 293 307 385 498 
2 14 16 
5 14 34 169 345 403 
2 3 4 
5 110 111 112 292 471 
2 4 11 
5 282 372 382 387 470 
2 2 11 
5 37 189 281 362 401 
2 8 17 
5 45 100 140 305 345 
2 2 12 
5 211 287 394 462 487 
2 4 8 
5 106 129 146 276 327 
2 6 15 
5 76 149 213 285 429 
-0.700000 3 
3 4 16 17 
1 16 
1 157 
1 17 
1 356 
1 4 
1 462 
0.600000 2 
2 1 16 
1 16 
1 198 
1 1 
1 101 
0.300000 20 
20 0 1 2 3 4 5 6 7 8 9 10 11 12 13 14 15 16 17 18 19 
1 7 
15 18 23 24 82 128 131 145 147 251 259 298 360 451 454 470 
1 14 
13 61 149 154 185 218 244 320 377 410 411 427 441 442 
1 5 
13 10 19 49 110 111 219 223 240 316 379 393 426 453 
1 11 
13 68 94 145 167 183 247 286 287 302 349 398 399 442 
1 17 
13 56 57 82 106 113 143 280 290 310 408 428 456 487 
1 2 
13 8 12 178 212 226 293 304 329 373 383 387 397 493 
1 1 
12 45 100 102 123 155 201 380 401 412 450 461 477 
1 15 
12 14 81 83 192 214 246 250 260 265 282 290 495 
1 16 
11 24 58 130 214 276 280 300 396 397 422 429 
1 0 
11 7 49 53 66 80 128 152 261 354 422 465 
1 3 
10 73 117 118 273 286 376 382 472 485 491 
1 10 
10 14 250 279 305 320 325 335 425 435 468 
1 8 
9 25 27 121 145 184 289 293 320 458 
1 6 
8 23 34 122 251 275 284 339 471 
1 19 
7 11 22 245 325 333 374 447 
1 13 
6 51 280 298 308 405 450 
1 12 
6 37 44 129 215 241 430 
1 18 
6 34 65 196 295 442 485 
1 4 
5 226 324 358 380 441 
1 9 
5 125 346 391 446 447 
0.400000 19 
19 0 1 2 3 4 5 6 7 8 10 11 12 13 14 15 16 17 18 19 
1 16 
8 39 154 183 184 213 275 493 494 
1 5 
6 101 115 230 280 378 394 
1 12 
5 22 28 42 174 389 
1 18 
5 70 121 122 123 291 
1 1 
4 106 306 323 426 
1 6 
4 215 289 472 484 
1 10 
4 19 281 420 450 
1 17 
4 61 83 105 427 
1 0 
3 94 424 470 
1 14 
3 284 289 432 
1 4 
2 230 323 
1 7 
2 328 365 
1 8 
1 26 
1 2 
1 278 
1 11 
1 146 
1 13 
1 44 
1 15 
1 399 
1 3 
1 461 
1 19 
1 49 
-0.300000 24 
20 0 1 2 3 4 5 6 7 8 9 10 11 12 13 14 15 16 17 18 19 
1 16 
30 8 13 22 48 66 67 104 116 123 147 167 180 181 196 224 228 232 233 243 273 286 296 302 348 363 386 404 421 474 497 
1 4 
30 7 12 36 37 41 42 64 98 117 119 132 137 138 159 183 249 279 306 311 312 343 398 401 408 412 428 456 463 468 487 
1 5 
29 37 38 85 86 112 151 160 184 189 213 215 248 253 267 268 307 313 318 335 336 345 381 386 402 420 429 455 477 496 
1 2 
28 39 122 130 176 213 229 236 274 296 297 312 313 322 323 331 332 336 341 342 403 407 408 431 450 454 460 470 479 
1 14 
28 18 19 52 56 64 79 85 88 120 128 151 173 232 235 291 301 339 374 390 401 419 424 429 457 466 471 479 499 
1 10 
24 11 12 23 30 54 76 81 93 100 105 118 119 186 194 272 290 314 329 370 439 441 449 492 497 
1 17 
23 2 76 102 111 131 136 158 177 210 212 216 233 259 272 282 336 405 426 434 450 463 480 481 
1 13 
23 5 185 249 276 286 295 304 311 319 322 335 345 346 356 357 376 400 407 442 461 466 467 477 
1 12 
21 14 17 23 65 80 119 138 139 142 144 146 227 239 244 259 262 264 320 404 421 455 
1 3 
21 21 62 75 83 88 107 191 200 205 206 207 214 295 330 334 338 420 424 430 437 464 
1 6 
19 7 13 21 43 48 132 160 183 189 267 270 279 292 293 302 421 431 452 462 
1 18 
19 21 22 52 53 59 62 66 210 214 217 244 288 341 392 401 408 414 474 498 
1 1 
19 6 111 175 180 185 208 226 270 282 305 315 340 352 374 377 399 416 449 485 
1 8 
18 1 2 16 77 82 125 152 200 229 247 259 267 299 387 475 477 483 488 
1 7 
18 54 95 115 143 165 215 235 240 270 290 314 397 410 437 468 485 491 495 
1 15 
18 43 60 61 160 166 221 280 295 316 317 340 341 343 390 423 451 464 467 
1 19 
17 0 9 43 90 238 247 269 307 341 348 350 389 394 404 433 441 452 
1 9 
17 4 86 96 111 117 148 188 203 205 237 287 299 389 413 462 478 479 
1 11 
17 3 23 49 88 130 148 192 222 289 338 346 350 359 439 455 466 498 
1 0 
16 20 36 38 82 181 216 280 311 315 321 324 342 380 448 457 495 
2 6 17 
5 6 8 234 286 458 
2 11 16 
5 28 56 108 258 416 
2 1 2 
5 161 209 285 300 452 
2 4 8 
5 190 257 262 403 449 
-0.600000 5 
5 3 11 12 16 18 
1 16 
4 162 163 186 191 
1 12 
3 92 296 297 
1 11 
1 96 
1 3 
1 202 
1 18 
1 297 
-0.100000 96 
20 0 1 2 3 4 5 6 7 8 9 10 11 12 13 14 15 16 17 18 19 
1 7 
36 14 20 22 60 62 91 142 154 164 173 188 199 200 202 205 211 229 232 241 244 268 273 282 297 318 319 362 373 378 417 427 466 469 476 480 496 
1 8 
35 8 30 32 33 55 87 113 132 142 153 195 207 227 238 261 287 290 306 319 322 335 336 342 378 380 392 430 432 433 434 442 453 462 478 489 
1 3 
33 8 45 49 53 71 81 100 140 145 151 163 165 177 189 197 221 258 278 283 288 293 315 322 326 343 348 359 371 392 397 459 493 495 
1 9 
32 19 77 91 97 130 169 174 190 193 196 212 234 235 248 249 261 282 288 295 322 366 378 383 401 405 412 419 453 482 483 498 499 
1 17 
32 5 43 48 54 66 67 109 119 123 162 167 170 183 189 209 237 254 257 267 279 294 304 309 311 333 377 402 416 446 454 460 495 
1 11 
31 16 22 54 55 64 70 72 85 87 97 118 197 198 221 231 266 268 270 276 288 304 329 334 336 347 378 418 428 444 449 477 
1 12 
30 1 11 12 16 48 56 58 63 99 105 140 152 176 183 184 185 226 273 276 304 330 340 369 387 395 403 420 450 463 493 
1 5 
29 5 12 25 39 52 56 64 143 147 155 182 199 262 277 301 304 312 328 339 389 401 414 419 424 432 446 448 449 467 
2 5 6 
29 2 3 26 45 59 68 99 102 103 133 153 163 168 197 210 228 244 246 409 416 417 433 441 442 444 461 470 479 499 
1 16 
28 3 64 80 81 101 111 122 127 133 166 171 187 249 287 293 316 326 333 344 354 356 364 382 391 399 443 453 465 
1 15 
28 6 15 30 94 106 150 151 156 182 230 233 236 240 275 293 306 312 321 328 329 361 370 396 400 414 418 431 477 
1 6 
28 67 75 118 125 130 137 181 203 204 205 207 223 232 243 256 261 264 297 300 308 320 341 355 374 403 412 455 464 
1 2 
26 18 64 89 107 119 120 121 127 137 139 144 153 162 168 218 222 251 255 298 385 438 445 449 464 475 497 
2 10 16 
26 43 57 71 109 131 145 146 206 208 209 216 229 238 347 357 359 373 387 400 407 428 444 454 467 496 498 
1 0 
26 1 30 39 99 117 142 154 180 200 208 218 233 257 267 341 350 364 370 390 410 429 451 471 480 489 497 
2 0 1 
26 60 69 71 83 131 149 171 195 245 272 281 295 318 319 333 384 406 407 408 419 432 435 456 467 468 486 
2 7 17 
25 68 86 92 138 160 169 175 176 181 186 187 198 206 213 289 338 346 354 381 389 418 423 467 477 490 
1 4 
24 11 27 35 38 59 69 96 102 133 175 256 274 280 284 296 313 316 346 348 374 386 391 413 490 
1 10 
23 0 5 28 29 40 95 114 134 151 157 158 196 202 222 225 226 242 245 248 338 360 402 409 
2 2 12 
23 78 113 134 188 191 199 217 221 231 243 258 261 265 280 309 315 319 321 324 356 364 417 484 
1 19 
23 53 65 106 115 139 141 156 162 205 215 223 243 263 312 318 339 346 355 414 461 467 484 485 
2 9 13 
23 7 25 28 33 102 107 119 132 158 183 294 327 341 365 372 373 406 424 432 438 452 465 480 
1 14 
23 37 82 98 105 130 152 170 183 208 237 250 264 280 281 324 331 344 355 376 395 407 485 490 
2 11 13 
22 14 46 134 177 179 180 218 226 236 244 251 252 292 330 337 348 393 430 433 448 474 494 
2 1 18 
22 25 35 77 93 145 152 163 177 184 188 197 206 215 236 255 260 317 329 338 382 409 428 
2 7 14 
21 10 11 21 118 144 155 159 191 203 216 220 226 228 262 303 330 369 409 458 486 492 
2 10 19 
21 13 46 70 116 125 130 136 183 197 210 259 273 324 371 384 398 479 481 486 491 493 
2 1 15 
21 7 37 54 58 68 91 110 112 137 165 169 181 205 235 330 336 359 397 405 424 427 
2 8 12 
21 3 9 75 85 163 177 224 234 240 268 317 346 360 361 362 365 375 382 446 447 454 
2 13 17 
21 38 50 70 73 126 141 201 204 221 262 273 296 316 318 321 332 342 387 410 441 476 
2 6 18 
21 38 42 46 57 94 107 144 186 201 211 212 226 265 299 364 380 407 410 445 447 486 
2 3 5 
21 14 17 22 27 28 60 87 92 179 259 275 321 356 361 367 387 398 413 418 476 484 
2 3 14 
20 13 20 24 25 65 72 84 115 121 160 175 219 296 317 323 342 360 400 449 487 
2 16 19 
20 51 63 77 128 143 144 161 203 221 241 272 358 367 406 438 439 445 457 459 483 
1 13 
20 2 6 15 40 53 93 147 148 155 165 202 225 271 306 353 375 408 414 422 425 
2 3 6 
19 4 31 41 105 108 141 176 187 240 272 282 335 347 363 385 394 423 426 435 
1 18 
19 43 83 104 111 138 161 180 237 241 258 275 349 358 376 394 429 443 468 472 
1 1 
19 26 36 119 121 158 160 168 196 227 266 342 363 383 398 474 484 487 488 491 
2 2 14 
17 47 70 83 125 131 133 150 166 167 174 195 223 252 253 316 423 439 
2 0 10 
17 9 44 102 140 167 172 193 234 275 292 304 351 361 365 389 392 473 
2 0 11 
16 41 73 104 124 187 219 229 293 300 305 323 326 344 367 438 461 
2 8 19 
16 67 86 96 102 170 206 235 264 298 310 311 366 376 393 408 431 
2 4 9 
16 31 88 99 115 139 153 157 166 187 310 315 326 367 368 426 473 
2 4 15 
15 0 51 52 62 167 174 186 232 244 314 344 375 407 454 460 
2 9 12 
12 0 29 160 161 182 186 208 260 328 344 347 363 
2 9 17 
11 3 52 58 64 81 95 98 240 255 394 461 
2 10 11 
11 107 164 174 185 228 232 261 277 280 432 452 
2 8 18 
10 61 84 108 120 172 245 246 252 301 492 
2 2 3 
10 23 102 142 146 194 270 399 402 444 468 
2 2 13 
10 60 65 111 149 210 241 352 374 380 440 
2 4 10 
10 47 126 170 191 265 289 297 309 362 464 
3 0 1 15 
10 3 24 74 120 190 271 278 301 445 446 
2 1 5 
10 76 88 98 134 166 303 331 368 422 469 
2 4 11 
10 57 83 90 131 217 264 345 434 435 491 
3 0 4 15 
9 84 89 243 251 253 320 356 404 466 
2 1 3 
9 19 33 86 109 129 309 337 378 457 
2 12 18 
9 24 79 95 228 269 323 343 377 460 
2 2 15 
9 22 44 50 55 219 254 436 465 496 
2 8 14 
9 38 73 239 242 300 357 391 435 474 
2 14 15 
8 176 204 234 238 279 335 394 494 
3 5 6 14 
8 15 69 90 172 349 351 388 454 
2 5 14 
8 40 58 350 370 372 375 443 450 
2 4 13 
8 13 75 283 317 459 472 481 484 
2 11 19 
8 25 42 92 123 303 368 490 496 
2 9 19 
8 37 41 220 229 270 278 407 466 
2 9 18 
8 128 150 199 272 350 404 449 475 
2 18 19 
8 39 105 117 131 135 240 285 482 
2 12 19 
8 52 59 72 292 308 353 410 424 
2 12 16 
8 2 124 179 201 230 236 314 469 
2 0 13 
8 17 34 127 144 246 250 302 314 
2 7 15 
8 41 45 56 114 180 210 442 444 
2 8 17 
8 4 36 89 214 284 334 359 437 
2 4 5 
8 16 32 78 154 185 325 332 373 
3 2 5 14 
7 74 249 302 338 421 430 489 
4 3 5 6 14 
7 104 231 245 311 365 406 498 
2 10 18 
7 6 82 147 189 310 311 315 
2 6 16 
7 50 55 190 294 405 425 437 
2 4 18 
7 103 171 216 307 411 476 495 
3 9 11 13 
7 12 21 121 140 207 388 456 
3 0 7 10 
7 16 269 308 343 393 401 411 
2 8 10 
7 49 110 178 192 271 448 499 
2 1 4 
6 63 164 273 286 298 423 
2 2 7 
6 26 31 84 196 428 455 
2 1 6 
6 170 173 274 369 440 481 
2 2 9 
6 87 108 247 320 379 384 
4 2 8 12 19 
6 68 94 148 157 158 419 
2 3 7 
5 7 61 96 271 483 
4 3 6 9 13 
5 9 159 192 362 436 
2 7 16 
5 113 299 337 413 419 
2 0 4 
5 101 201 239 252 355 
2 0 3 
5 106 122 366 415 416 
3 4 9 11 
5 71 195 227 376 397 
3 9 13 15 
5 66 360 402 463 471 
2 2 18 
5 116 187 354 389 390 
2 11 18 
5 10 20 51 259 332 
3 10 11 17 
5 35 129 168 184 436 
-0.200000 67 
20 0 1 2 3 4 5 6 7 8 9 10 11 12 13 14 15 16 17 18 19 
1 8 
40 7 11 12 21 22 39 44 60 70 72 76 83 109 114 124 131 168 185 186 209 236 244 258 263 265 266 272 321 344 349 394 397 400 401 402 415 439 461 476 480 
1 18 
38 15 16 44 58 96 110 160 165 169 200 218 224 232 249 257 261 266 292 294 298 321 325 337 342 372 393 400 405 406 419 423 455 466 469 473 490 493 497 
1 1 
37 1 29 34 42 43 64 65 67 80 82 85 132 140 146 162 189 198 207 210 212 242 247 254 276 290 314 320 326 341 350 364 373 411 421 451 453 482 
1 19 
35 15 28 61 93 99 121 138 142 147 152 175 176 180 181 187 190 192 195 202 225 246 248 274 276 297 306 332 342 351 395 421 428 436 478 495 
1 4 
34 17 34 58 94 97 127 130 135 142 148 168 178 179 188 200 221 228 250 258 259 261 290 299 329 338 361 385 390 392 410 427 430 469 478 
1 12 
34 6 7 18 50 57 60 66 71 87 88 96 112 147 162 166 171 187 190 192 193 197 218 219 235 249 359 367 376 379 423 429 448 479 498 
1 16 
32 23 68 69 102 107 140 152 156 168 170 176 204 227 248 250 253 306 312 323 362 368 375 381 385 409 417 424 434 451 458 460 473 
1 10 
32 25 31 36 52 53 75 80 84 88 153 156 159 163 165 175 190 195 205 207 227 262 267 270 285 348 353 355 356 399 404 424 460 
1 2 
32 19 24 62 63 73 82 117 123 126 128 138 140 141 169 192 214 220 227 235 242 257 262 284 289 294 346 357 365 366 375 376 404 
1 13 
31 10 41 48 76 81 84 105 146 157 162 194 206 212 243 272 274 282 287 288 303 305 323 324 326 347 370 381 382 394 404 488 
1 6 
30 16 20 22 36 49 60 63 64 79 146 158 165 184 188 193 206 233 238 239 254 298 313 336 358 359 360 366 408 430 438 
1 9 
30 1 13 14 49 78 79 82 83 113 156 204 206 210 211 241 243 281 283 286 296 318 417 418 437 444 455 467 470 491 497 
1 17 
29 25 26 27 37 74 112 134 150 153 180 217 218 226 228 229 249 270 271 276 307 360 412 425 430 432 433 478 485 493 
1 11 
28 0 9 93 95 102 103 156 169 186 223 230 235 237 262 263 271 279 285 310 327 331 333 339 415 420 424 464 468 
1 0 
27 35 46 87 90 91 105 111 130 215 221 240 288 290 297 303 309 316 352 362 391 454 455 459 462 478 485 492 
1 7 
27 15 28 37 48 59 75 80 179 238 275 277 311 313 335 339 358 384 396 398 405 406 420 436 443 472 481 489 
1 5 
26 1 13 20 31 35 41 63 108 117 118 120 121 183 247 286 295 323 363 364 452 466 475 482 483 492 493 
1 3 
25 26 32 50 55 77 82 103 134 139 143 178 224 235 277 287 294 304 374 384 389 453 458 465 477 496 
1 15 
24 1 2 20 21 34 57 92 111 118 119 131 172 173 187 188 217 256 392 439 443 468 497 498 499 
1 14 
24 30 55 62 68 71 80 99 147 157 158 161 205 206 233 248 256 259 275 285 319 333 414 416 484 
2 14 18 
17 23 48 49 63 67 89 100 106 142 181 192 193 227 247 304 336 446 
2 5 7 
16 36 43 53 73 116 149 161 309 310 412 435 438 462 464 487 488 
2 3 15 
16 46 47 67 69 93 183 196 227 331 369 379 393 411 419 421 422 
2 9 12 
12 62 67 143 189 194 223 232 238 254 313 414 489 
2 9 19 
11 103 122 173 191 218 233 301 302 321 423 434 
2 8 17 
11 10 51 69 71 191 219 223 260 312 314 484 
2 5 11 
11 8 11 33 91 157 220 256 272 390 459 495 
2 3 5 
11 193 229 251 252 263 380 403 410 431 445 478 
2 6 11 
10 1 5 143 257 325 342 354 356 379 469 
2 8 14 
10 78 119 162 196 197 315 318 436 456 470 
2 15 16 
10 42 136 222 231 274 297 372 378 412 426 
2 2 15 
10 145 171 310 311 318 371 377 395 441 469 
2 1 11 
9 2 135 248 275 297 351 355 454 479 
2 5 14 
9 57 188 269 290 322 352 404 428 434 
2 7 16 
9 4 70 185 207 234 237 292 324 414 
2 6 16 
9 17 27 263 307 319 361 420 427 432 
2 4 12 
8 25 93 165 233 349 399 409 415 
2 7 9 
8 90 168 170 267 304 377 457 460 
2 2 4 
8 124 143 163 301 305 414 432 451 
3 6 13 16 
8 0 11 47 142 195 259 301 446 
2 7 12 
8 5 19 74 167 222 245 342 416 
2 1 18 
8 87 130 167 176 225 335 345 499 
2 0 6 
8 10 37 150 194 225 273 340 490 
2 13 17 
8 55 116 268 285 350 351 355 385 
2 4 13 
8 184 215 234 281 443 447 482 483 
2 0 2 
8 160 165 170 204 328 412 418 453 
2 6 19 
8 58 98 177 182 196 258 399 456 
2 0 14 
7 43 210 274 312 329 368 373 
2 11 13 
6 106 191 267 377 403 409 
2 4 9 
6 26 116 118 155 400 431 
2 0 11 
6 4 76 86 125 173 265 
3 5 7 19 
5 137 255 326 327 340 
2 10 15 
5 154 161 354 406 474 
2 1 8 
5 81 115 348 381 410 
2 0 7 
5 119 151 287 331 450 
2 5 12 
5 54 114 141 474 494 
3 7 9 19 
5 85 184 217 236 242 
2 0 10 
5 166 291 332 334 372 
2 2 17 
5 156 230 277 325 471 
2 14 17 
5 94 341 380 413 491 
2 16 17 
5 9 211 330 452 479 
2 8 10 
5 17 179 405 466 487 
2 3 10 
5 223 257 313 333 336 
2 3 19 
5 66 344 349 440 473 
2 8 19 
5 56 91 237 316 331 
2 13 18 
5 101 219 340 435 489 
2 2 8 
5 88 295 337 343 347 
-0.400000 20 
20 0 1 2 3 4 5 6 7 8 9 10 11 12 13 14 15 16 17 18 19 
1 16 
12 49 61 62 141 158 175 182 189 192 223 484 489 
1 1 
12 0 5 70 116 231 265 280 310 403 475 480 489 
1 5 
12 30 211 212 216 254 264 271 276 306 308 427 457 
1 11 
11 6 7 50 122 215 216 343 391 392 460 467 
1 18 
10 54 78 88 168 174 205 346 422 424 494 
1 17 
10 7 11 93 155 232 337 382 453 455 462 
1 3 
9 76 98 101 119 201 203 208 289 339 
1 14 
8 187 261 286 295 310 385 415 461 
1 13 
8 29 137 145 152 190 312 445 457 
1 0 
7 15 126 136 217 449 479 491 
1 6 
7 12 138 202 217 277 457 468 
1 8 
6 15 20 167 201 413 482 
1 7 
6 6 9 166 415 463 482 
1 9 
6 112 136 137 141 142 147 
1 19 
6 127 132 153 230 403 432 
1 4 
4 402 448 452 461 
1 2 
4 155 326 327 370 
1 10 
3 180 331 472 
1 15 
3 296 342 420 
1 12 
3 97 145 295 
-0.500000 17 
17 0 1 2 4 5 6 7 8 10 11 13 14 15 16 17 18 19 
1 17 
7 101 107 200 231 331 386 431 
1 6 
4 278 287 453 463 
1 5 
4 0 289 314 319 
1 14 
3 182 211 334 
1 19 
3 277 427 472 
1 18 
3 173 289 467 
1 16 
2 291 349 
1 4 
2 457 467 
1 2 
2 237 472 
1 10 
2 22 328 
1 7 
1 465 
1 15 
1 218 
1 11 
1 423 
1 1 
1 277 
1 8 
1 279 
1 0 
1 310 
1 13 
1 462 
